UNITS=MM
#Layer_Color=32768
#
#Feature symbol names
#
$0 r99.9998
$1 r49.9999
$2 r199.9996

#
#Feature attribute names
#

#
#Layer features
#
L 49.911 66.675 49.911 76.327 2 P 0
L 49.911 66.675 60.198 66.675 2 P 0
L 49.911 76.327 60.198 76.327 2 P 0
L 49.911 76.962 49.911 86.614 2 P 0
L 49.911 76.962 60.198 76.962 2 P 0
L 49.911 86.614 60.198 86.614 2 P 0
L 54.483 71.501 55.753 71.501 2 P 0
L 54.483 81.788 55.753 81.788 2 P 0
L 55.118 70.866 55.118 72.136 2 P 0
L 55.118 81.153 55.118 82.423 2 P 0
L 60.198 66.675 60.198 76.327 2 P 0
L 60.198 76.962 60.198 86.614 2 P 0
L 60.97199896 78.02500016 60.97199896 80.72499984 1 P 0
L 60.97199896 78.02500016 62.4719985 78.02500016 1 P 0
L 60.97199896 80.72499984 62.4719985 80.72499984 1 P 0
L 61.24699968 79.375 62.19699778 79.375 0 P 0
L 61.722 78.89999968 61.722 79.85000032 0 P 0
L 62.4719985 78.02500016 62.4719985 80.72499984 1 P 0
L 63.5120015 78.02500016 63.5120015 80.72499984 1 P 0
L 63.5120015 78.02500016 65.01200104 78.02500016 1 P 0
L 63.5120015 80.72499984 65.01200104 80.72499984 1 P 0
L 63.78700222 79.375 64.73700032 79.375 0 P 0
L 64.262 78.89999968 64.262 79.85000032 0 P 0
L 65.01200104 78.02500016 65.01200104 80.72499984 1 P 0
L 66.1790015 78.02500016 66.1790015 80.72499984 1 P 0
L 66.1790015 78.02500016 67.67900104 78.02500016 1 P 0
L 66.1790015 80.72499984 67.67900104 80.72499984 1 P 0
L 66.45400222 79.375 67.40400032 79.375 0 P 0
L 66.929 78.89999968 66.929 79.85000032 0 P 0
L 67.67900104 78.02500016 67.67900104 80.72499984 1 P 0
L 68.71899896 78.02500016 68.71899896 80.72499984 1 P 0
L 68.71899896 78.02500016 70.2189985 78.02500016 1 P 0
L 68.71899896 80.72499984 70.2189985 80.72499984 1 P 0
L 68.99399968 79.375 69.94399778 79.375 0 P 0
L 69.469 78.89999968 69.469 79.85000032 0 P 0
L 70.2189985 78.02500016 70.2189985 80.72499984 1 P 0
L 165.33499826 79.08299906 165.33499826 80.6829984 1 P 0
L 165.33499826 79.08299906 166.1349992 79.08299906 1 P 0
L 165.33499826 80.6829984 166.1349992 80.6829984 1 P 0
L 165.4350006 79.883 166.0349994 79.883 0 P 0
L 165.735 79.58299806 165.735 80.1829994 0 P 0
L 166.1349992 79.08299906 166.1349992 80.6829984 1 P 0
