UNITS=MM
#Layer_Color=9474304
#
#Feature symbol names
#
$0 r169.33164
$1 r127

#
#Feature attribute names
#

#
#Layer features
#
A 5.28200112 2.82200096 5.28200112 2.82200096 4.77400112 2.82200096 0 P 0 N
A 5.28200112 12.82200128 5.28200112 12.82200128 4.77400112 12.82200128 0 P 0 N
A 7.7820012 7.82200112 7.7820012 7.82200112 7.2740012 7.82200112 0 P 0 N
A 7.7820012 17.82200144 7.7820012 17.82200144 7.2740012 17.82200144 0 P 0 N
A 10.28200128 2.82200096 10.28200128 2.82200096 9.77400128 2.82200096 0 P 0 N
A 10.50800032 15.98399902 10.50800032 15.98399902 10.00000032 15.98399902 0 P 0 N
A 11.25799882 19.0000001 11.25799882 19.0000001 10.74999882 19.0000001 0 P 0 N
A 12.78200136 7.82200112 12.78200136 7.82200112 12.27400136 7.82200112 0 P 0 N
A 12.78200136 17.82200144 12.78200136 17.82200144 12.27400136 17.82200144 0 P 0 N
A 13.7579989 11.25000036 13.7579989 11.25000036 13.2499989 11.25000036 0 P 0 N
A 15.28200144 2.82200096 15.28200144 2.82200096 14.77400144 2.82200096 0 P 0 N
A 17.78200152 7.82200112 17.78200152 7.82200112 17.27400152 7.82200112 0 P 0 N
A 17.78200152 17.82200144 17.78200152 17.82200144 17.27400152 17.82200144 0 P 0 N
A 19.2580006 11.49999986 19.2580006 11.49999986 18.7500006 11.49999986 0 P 0 N
A 20.2820016 2.82200096 20.2820016 2.82200096 19.7740016 2.82200096 0 P 0 N
A 20.2820016 12.82200128 20.2820016 12.82200128 19.7740016 12.82200128 0 P 0 N
A 20.50800064 8.75000028 20.50800064 8.75000028 20.00000064 8.75000028 0 P 0 N
A 20.75800014 13.75000044 20.75800014 13.75000044 20.25000014 13.75000044 0 P 0 N
A 22.50799918 6.7499992 22.50799918 6.7499992 21.99999918 6.7499992 0 P 0 N
A 24.25800076 8.75000028 24.25800076 8.75000028 23.75000076 8.75000028 0 P 0 N
A 25.28200176 12.82200128 25.28200176 12.82200128 24.77400176 12.82200128 0 P 0 N
A 29.00799888 21.00000118 29.00799888 21.00000118 28.49999888 21.00000118 0 P 0 N
A 30.28200192 2.82200096 30.28200192 2.82200096 29.77400192 2.82200096 0 P 0 N
A 30.28200192 12.82200128 30.28200192 12.82200128 29.77400192 12.82200128 0 P 0 N
A 32.782002 17.82200144 32.782002 17.82200144 32.274002 17.82200144 0 P 0 N
A 35.28200208 2.82200096 35.28200208 2.82200096 34.77400208 2.82200096 0 P 0 N
A 35.28200208 12.82200128 35.28200208 12.82200128 34.77400208 12.82200128 0 P 0 N
A 37.78200216 7.82200112 37.78200216 7.82200112 37.27400216 7.82200112 0 P 0 N
A 37.78200216 17.82200144 37.78200216 17.82200144 37.27400216 17.82200144 0 P 0 N
L 26.49199934 17.75800106 26.99999934 16.74200106 1 P 0
L 26.49199934 17.75800106 27.50799934 17.75800106 1 P 0
L 26.99999934 16.74200106 27.50799934 17.75800106 1 P 0
L 31.04900064 4.98199918 31.04900064 5.99799918 1 P 0
L 31.04900064 4.98199918 32.06500064 4.98199918 1 P 0
L 31.04900064 5.99799918 32.06500064 5.99799918 1 P 0
L 31.04900064 8.48719918 31.04900064 9.50319918 1 P 0
L 31.04900064 8.48719918 32.06500064 8.48719918 1 P 0
L 31.04900064 9.50319918 32.06500064 9.50319918 1 P 0
L 31.04900064 11.99239918 31.04900064 13.00839918 1 P 0
L 31.04900064 11.99239918 32.06500064 11.99239918 1 P 0
L 31.04900064 13.00839918 32.06500064 13.00839918 1 P 0
L 31.04900064 15.49759918 31.04900064 16.51359918 1 P 0
L 31.04900064 15.49759918 32.06500064 15.49759918 1 P 0
L 31.04900064 16.51359918 32.06500064 16.51359918 1 P 0
L 31.04900064 19.00279918 31.04900064 20.01879918 1 P 0
L 31.04900064 19.00279918 32.06500064 19.00279918 1 P 0
L 31.04900064 20.01879918 32.06500064 20.01879918 1 P 0
L 32.06500064 4.98199918 32.06500064 5.99799918 1 P 0
L 32.06500064 8.48719918 32.06500064 9.50319918 1 P 0
L 32.06500064 11.99239918 32.06500064 13.00839918 1 P 0
L 32.06500064 15.49759918 32.06500064 16.51359918 1 P 0
L 32.06500064 19.00279918 32.06500064 20.01879918 1 P 0
