UNITS=MM
#Layer_Color=32768
#
#Feature symbol names
#
$0 r199.9996
$1 r99.9998
$2 r49.9999

#
#Feature attribute names
#

#
#Layer features
#
L 3.0509972 6.77500296 3.0509972 16.42700296 0 P 0
L 3.0509972 6.77500296 13.3379972 6.77500296 0 P 0
L 3.0509972 16.42700296 13.3379972 16.42700296 0 P 0
L 3.3140015 16.8789985 3.3140015 26.5309985 0 P 0
L 3.3140015 16.8789985 13.6010015 16.8789985 0 P 0
L 3.3140015 26.5309985 13.6010015 26.5309985 0 P 0
L 3.43900252 26.97899862 3.43900252 36.63099862 0 P 0
L 3.43900252 26.97899862 13.72600252 26.97899862 0 P 0
L 3.43900252 36.63099862 13.72600252 36.63099862 0 P 0
L 3.45099894 37.27500038 3.45099894 46.92700038 0 P 0
L 3.45099894 37.27500038 13.73799894 37.27500038 0 P 0
L 3.45099894 46.92700038 13.73799894 46.92700038 0 P 0
L 3.64600236 47.22299928 3.64600236 56.87499928 0 P 0
L 3.64600236 47.22299928 13.93300236 47.22299928 0 P 0
L 3.64600236 56.87499928 13.93300236 56.87499928 0 P 0
L 7.4959972 11.60100296 8.7659972 11.60100296 0 P 0
L 7.7590015 21.7049985 9.0290015 21.7049985 0 P 0
L 7.88400252 31.80499862 9.15400252 31.80499862 0 P 0
L 7.89599894 42.10100038 9.16599894 42.10100038 0 P 0
L 8.09100236 52.04899928 9.36100236 52.04899928 0 P 0
L 8.1309972 10.96600296 8.1309972 12.23600296 0 P 0
L 8.3940015 21.0699985 8.3940015 22.3399985 0 P 0
L 8.51900252 31.16999862 8.51900252 32.43999862 0 P 0
L 8.53099894 41.46600038 8.53099894 42.73600038 0 P 0
L 8.72600236 51.41399928 8.72600236 52.68399928 0 P 0
L 13.3379972 6.77500296 13.3379972 16.42700296 0 P 0
L 13.6010015 16.8789985 13.6010015 26.5309985 0 P 0
L 13.72600252 26.97899862 13.72600252 36.63099862 0 P 0
L 13.73799894 37.27500038 13.73799894 46.92700038 0 P 0
L 13.93300236 47.22299928 13.93300236 56.87499928 0 P 0
L 17.46800164 31.40599764 17.46800164 33.10599932 2 P 0
L 17.46800164 31.40599764 20.46800072 31.40599764 2 P 0
L 17.46800164 33.10599932 20.46800072 33.10599932 2 P 0
L 17.47999806 41.7019994 17.47999806 43.40200108 2 P 0
L 17.47999806 41.7019994 20.47999714 41.7019994 2 P 0
L 17.47999806 43.40200108 20.47999714 43.40200108 2 P 0
L 17.67500148 51.6499983 17.67500148 53.34999998 2 P 0
L 17.67500148 51.6499983 20.67500056 51.6499983 2 P 0
L 17.67500148 53.34999998 20.67500056 53.34999998 2 P 0
L 18.4730009 32.25599848 19.46300146 32.25599848 1 P 0
L 18.48499732 42.55200024 19.47499788 42.55200024 1 P 0
L 18.68000074 52.49999914 19.6700013 52.49999914 1 P 0
L 18.96800118 31.7609982 18.96800118 32.75099876 1 P 0
L 18.9799976 42.05699996 18.9799976 43.04700052 1 P 0
L 19.17500102 52.00499886 19.17500102 52.99499942 1 P 0
L 20.46800072 31.40599764 20.46800072 33.10599932 2 P 0
L 20.47999714 41.7019994 20.47999714 43.40200108 2 P 0
L 20.54300438 30.35599974 20.54300438 33.05599942 2 P 0
L 20.54300438 30.35599974 22.04300392 30.35599974 2 P 0
L 20.54300438 33.05599942 22.04300392 33.05599942 2 P 0
L 20.5550008 40.6520015 20.5550008 43.35200118 2 P 0
L 20.5550008 40.6520015 22.05500034 40.6520015 2 P 0
L 20.5550008 43.35200118 22.05500034 43.35200118 2 P 0
L 20.67500056 51.6499983 20.67500056 53.34999998 2 P 0
L 20.75000422 50.6000004 20.75000422 53.30000008 2 P 0
L 20.75000422 50.6000004 22.25000376 50.6000004 2 P 0
L 20.75000422 53.30000008 22.25000376 53.30000008 2 P 0
L 20.8180051 31.70599958 21.7680032 31.70599958 1 P 0
L 20.83000152 42.00200134 21.77999962 42.00200134 1 P 0
L 21.02500494 51.95000024 21.97500304 51.95000024 1 P 0
L 21.29300288 31.23099926 21.29300288 32.1809999 1 P 0
L 21.3049993 41.52700102 21.3049993 42.47700166 1 P 0
L 21.50000018 21.34999794 21.50000018 23.04999962 2 P 0
L 21.50000018 21.34999794 24.49999926 21.34999794 2 P 0
L 21.50000018 23.04999962 24.49999926 23.04999962 2 P 0
L 21.50000272 51.47499992 21.50000272 52.42500056 1 P 0
L 22.04300392 30.35599974 22.04300392 33.05599942 2 P 0
L 22.05500034 40.6520015 22.05500034 43.35200118 2 P 0
L 22.25000376 50.6000004 22.25000376 53.30000008 2 P 0
L 22.40000092 12.14999856 22.40000092 13.85000024 2 P 0
L 22.40000092 12.14999856 25.4 12.14999856 2 P 0
L 22.40000092 13.85000024 25.4 13.85000024 2 P 0
L 22.50499944 22.19999878 23.495 22.19999878 1 P 0
L 22.99999972 21.7049985 22.99999972 22.69499906 1 P 0
L 23.40500018 12.9999994 24.39500074 12.9999994 1 P 0
L 23.90000046 12.50499912 23.90000046 13.49499968 1 P 0
L 24.49999926 21.34999794 24.49999926 23.04999962 2 P 0
L 25.4 12.14999856 25.4 13.85000024 2 P 0
L 28.2549981 11.05200482 28.2549981 13.7520045 2 P 0
L 28.2549981 11.05200482 29.75499764 11.05200482 2 P 0
L 28.2549981 13.7520045 29.75499764 13.7520045 2 P 0
L 28.52999882 12.40200466 29.47999692 12.40200466 1 P 0
L 29.0049966 11.92700434 29.0049966 12.87700498 1 P 0
L 29.75499764 11.05200482 29.75499764 13.7520045 2 P 0
L 31.250001 21.25000068 31.250001 23.95000036 2 P 0
L 31.250001 21.25000068 32.75000054 21.25000068 2 P 0
L 31.250001 23.95000036 32.75000054 23.95000036 2 P 0
L 31.52500172 22.60000052 32.47499982 22.60000052 1 P 0
L 31.9999995 22.1250002 31.9999995 23.07500084 1 P 0
L 32.34799728 6.57600412 32.34799728 16.22800412 0 P 0
L 32.34799728 6.57600412 42.63499728 6.57600412 0 P 0
L 32.34799728 16.22800412 42.63499728 16.22800412 0 P 0
L 32.61100158 16.67999966 32.61100158 26.33199966 0 P 0
L 32.61100158 16.67999966 42.89800158 16.67999966 0 P 0
L 32.61100158 26.33199966 42.89800158 26.33199966 0 P 0
L 32.7360026 26.77999978 32.7360026 36.43199978 0 P 0
L 32.7360026 26.77999978 43.0230026 26.77999978 0 P 0
L 32.7360026 36.43199978 43.0230026 36.43199978 0 P 0
L 32.74799902 37.07600154 32.74799902 46.72800154 0 P 0
L 32.74799902 37.07600154 43.03499902 37.07600154 0 P 0
L 32.74799902 46.72800154 43.03499902 46.72800154 0 P 0
L 32.75000054 21.25000068 32.75000054 23.95000036 2 P 0
L 32.94300244 47.02400044 32.94300244 56.67600044 0 P 0
L 32.94300244 47.02400044 43.23000244 47.02400044 0 P 0
L 32.94300244 56.67600044 43.23000244 56.67600044 0 P 0
L 36.91999728 11.40200412 38.18999728 11.40200412 0 P 0
L 37.18300158 21.50599966 38.45300158 21.50599966 0 P 0
L 37.3080026 31.60599978 38.5780026 31.60599978 0 P 0
L 37.31999902 41.90200154 38.58999902 41.90200154 0 P 0
L 37.51500244 51.85000044 38.78500244 51.85000044 0 P 0
L 37.55499728 10.76700412 37.55499728 12.03700412 0 P 0
L 37.81800158 20.87099966 37.81800158 22.14099966 0 P 0
L 37.9430026 30.97099978 37.9430026 32.24099978 0 P 0
L 37.95499902 41.26700154 37.95499902 42.53700154 0 P 0
L 38.15000244 51.21500044 38.15000244 52.48500044 0 P 0
L 42.63499728 6.57600412 42.63499728 16.22800412 0 P 0
L 42.89800158 16.67999966 42.89800158 26.33199966 0 P 0
L 43.0230026 26.77999978 43.0230026 36.43199978 0 P 0
L 43.03499902 37.07600154 43.03499902 46.72800154 0 P 0
L 43.23000244 47.02400044 43.23000244 56.67600044 0 P 0
L 45.5200004 7.2740012 45.5200004 16.9260012 0 P 0
L 45.5200004 7.2740012 55.8070004 7.2740012 0 P 0
L 45.5200004 16.9260012 55.8070004 16.9260012 0 P 0
L 45.5200004 17.27399898 45.5200004 26.92599898 0 P 0
L 45.5200004 17.27399898 55.8070004 17.27399898 0 P 0
L 45.5200004 26.92599898 55.8070004 26.92599898 0 P 0
L 45.5200004 27.2739993 45.5200004 36.9259993 0 P 0
L 45.5200004 27.2739993 55.8070004 27.2739993 0 P 0
L 45.5200004 36.9259993 55.8070004 36.9259993 0 P 0
L 45.5200004 37.27399962 45.5200004 46.92599962 0 P 0
L 45.5200004 37.27399962 55.8070004 37.27399962 0 P 0
L 45.5200004 46.92599962 55.8070004 46.92599962 0 P 0
L 45.5200004 47.27399994 45.5200004 56.92599994 0 P 0
L 45.5200004 47.27399994 55.8070004 47.27399994 0 P 0
L 45.5200004 56.92599994 55.8070004 56.92599994 0 P 0
L 49.9650004 12.1000012 51.2350004 12.1000012 0 P 0
L 49.9650004 22.09999898 51.2350004 22.09999898 0 P 0
L 49.9650004 32.0999993 51.2350004 32.0999993 0 P 0
L 49.9650004 42.09999962 51.2350004 42.09999962 0 P 0
L 49.9650004 52.09999994 51.2350004 52.09999994 0 P 0
L 50.6000004 11.4650012 50.6000004 12.7350012 0 P 0
L 50.6000004 21.46499898 50.6000004 22.73499898 0 P 0
L 50.6000004 31.4649993 50.6000004 32.7349993 0 P 0
L 50.6000004 41.46499962 50.6000004 42.73499962 0 P 0
L 50.6000004 51.46499994 50.6000004 52.73499994 0 P 0
L 55.8070004 7.2740012 55.8070004 16.9260012 0 P 0
L 55.8070004 17.27399898 55.8070004 26.92599898 0 P 0
L 55.8070004 27.2739993 55.8070004 36.9259993 0 P 0
L 55.8070004 37.27399962 55.8070004 46.92599962 0 P 0
L 55.8070004 47.27399994 55.8070004 56.92599994 0 P 0
L 56.24999926 18.32500018 56.24999926 21.32499926 2 P 0
L 56.24999926 18.32500018 57.95000094 18.32500018 2 P 0
L 56.24999926 21.32499926 57.95000094 21.32499926 2 P 0
L 56.60499982 19.82499972 57.59500038 19.82499972 1 P 0
L 57.1000001 19.32999944 57.1000001 20.32 1 P 0
L 57.95000094 18.32500018 57.95000094 21.32499926 2 P 0
L 58.59999964 33.24999954 58.59999964 34.95000122 2 P 0
L 58.59999964 33.24999954 61.59999872 33.24999954 2 P 0
L 58.59999964 34.95000122 61.59999872 34.95000122 2 P 0
L 58.74999934 11.92500028 58.74999934 14.92499936 2 P 0
L 58.74999934 11.92500028 60.45000102 11.92500028 2 P 0
L 58.74999934 14.92499936 60.45000102 14.92499936 2 P 0
L 59.04999874 52.00000014 59.04999874 54.99999922 2 P 0
L 59.04999874 52.00000014 60.75000042 52.00000014 2 P 0
L 59.04999874 54.99999922 60.75000042 54.99999922 2 P 0
L 59.1049999 13.42499982 60.09500046 13.42499982 1 P 0
L 59.4049993 53.49999968 60.39499986 53.49999968 1 P 0
L 59.60000018 12.92999954 59.60000018 13.9200001 1 P 0
L 59.6049989 34.10000038 60.59499946 34.10000038 1 P 0
L 59.89999958 53.0049994 59.89999958 53.99499996 1 P 0
L 60.09999918 33.6050001 60.09999918 34.59500066 1 P 0
L 60.45000102 11.92500028 60.45000102 14.92499936 2 P 0
L 60.75000042 52.00000014 60.75000042 54.99999922 2 P 0
L 60.85000022 11.8500017 60.85000022 13.35000124 2 P 0
L 60.85000022 11.8500017 63.5499999 11.8500017 2 P 0
L 60.85000022 13.35000124 63.5499999 13.35000124 2 P 0
L 61.45000156 51.2499991 61.45000156 53.94999878 2 P 0
L 61.45000156 51.2499991 62.9500011 51.2499991 2 P 0
L 61.45000156 53.94999878 62.9500011 53.94999878 2 P 0
L 61.59999872 33.24999954 61.59999872 34.95000122 2 P 0
L 61.72499974 12.6000002 62.67500038 12.6000002 1 P 0
L 61.72500228 52.59999894 62.67500038 52.59999894 1 P 0
L 62.20000006 12.12500242 62.20000006 13.07500052 1 P 0
L 62.20000006 52.12499862 62.20000006 53.07499926 1 P 0
L 62.9500011 51.2499991 62.9500011 53.94999878 2 P 0
L 63.5499999 11.8500017 63.5499999 13.35000124 2 P 0
L 67.20000022 43.05000026 67.20000022 44.75000194 2 P 0
L 67.20000022 43.05000026 70.1999993 43.05000026 2 P 0
L 67.20000022 44.75000194 70.1999993 44.75000194 2 P 0
L 68.20499948 43.9000011 69.19500004 43.9000011 1 P 0
L 68.69999976 43.40500082 68.69999976 44.39500138 1 P 0
L 69.9499998 28.65000112 69.9499998 30.15000066 2 P 0
L 69.9499998 28.65000112 72.64999948 28.65000112 2 P 0
L 69.9499998 30.15000066 72.64999948 30.15000066 2 P 0
L 70.1999993 43.05000026 70.1999993 44.75000194 2 P 0
L 70.75000074 39.95000138 70.75000074 42.65000106 2 P 0
L 70.75000074 39.95000138 72.25000028 39.95000138 2 P 0
L 70.75000074 42.65000106 72.25000028 42.65000106 2 P 0
L 70.82499932 29.39999962 71.77499996 29.39999962 1 P 0
L 71.02500146 41.30000122 71.97499956 41.30000122 1 P 0
L 71.29999964 28.92500184 71.29999964 29.87499994 1 P 0
L 71.49999924 40.8250009 71.49999924 41.77500154 1 P 0
L 72.25000028 39.95000138 72.25000028 42.65000106 2 P 0
L 72.64999948 28.65000112 72.64999948 30.15000066 2 P 0
L 72.65000202 23.07500084 72.65000202 25.77500052 2 P 0
L 72.65000202 23.07500084 74.15000156 23.07500084 2 P 0
L 72.65000202 25.77500052 74.15000156 25.77500052 2 P 0
L 72.92500274 24.42500068 73.87500084 24.42500068 1 P 0
L 73.40000052 23.95000036 73.40000052 24.900001 1 P 0
L 74.15000156 23.07500084 74.15000156 25.77500052 2 P 0
L 74.59300042 7.2740012 74.59300042 16.9260012 0 P 0
L 74.59300042 7.2740012 84.88000042 7.2740012 0 P 0
L 74.59300042 16.9260012 84.88000042 16.9260012 0 P 0
L 74.59300042 17.27399898 74.59300042 26.92599898 0 P 0
L 74.59300042 17.27399898 84.88000042 17.27399898 0 P 0
L 74.59300042 26.92599898 84.88000042 26.92599898 0 P 0
L 74.59300042 27.2739993 74.59300042 36.9259993 0 P 0
L 74.59300042 27.2739993 84.88000042 27.2739993 0 P 0
L 74.59300042 36.9259993 84.88000042 36.9259993 0 P 0
L 74.59300042 37.27399962 74.59300042 46.92599962 0 P 0
L 74.59300042 37.27399962 84.88000042 37.27399962 0 P 0
L 74.59300042 46.92599962 84.88000042 46.92599962 0 P 0
L 74.59300042 47.27399994 74.59300042 56.92599994 0 P 0
L 74.59300042 47.27399994 84.88000042 47.27399994 0 P 0
L 74.59300042 56.92599994 84.88000042 56.92599994 0 P 0
L 79.16500042 12.1000012 80.43500042 12.1000012 0 P 0
L 79.16500042 22.09999898 80.43500042 22.09999898 0 P 0
L 79.16500042 32.0999993 80.43500042 32.0999993 0 P 0
L 79.16500042 42.09999962 80.43500042 42.09999962 0 P 0
L 79.16500042 52.09999994 80.43500042 52.09999994 0 P 0
L 79.80000042 11.4650012 79.80000042 12.7350012 0 P 0
L 79.80000042 21.46499898 79.80000042 22.73499898 0 P 0
L 79.80000042 31.4649993 79.80000042 32.7349993 0 P 0
L 79.80000042 41.46499962 79.80000042 42.73499962 0 P 0
L 79.80000042 51.46499994 79.80000042 52.73499994 0 P 0
L 84.88000042 7.2740012 84.88000042 16.9260012 0 P 0
L 84.88000042 17.27399898 84.88000042 26.92599898 0 P 0
L 84.88000042 27.2739993 84.88000042 36.9259993 0 P 0
L 84.88000042 37.27399962 84.88000042 46.92599962 0 P 0
L 84.88000042 47.27399994 84.88000042 56.92599994 0 P 0
