UNITS=MM
#Layer_Color=9474304
#
#Feature symbol names
#
$0 r127

#
#Feature attribute names
#

#
#Layer features
#
L 66.39500056 61.98599998 68.2449994 61.98599998 0 P 0
L 66.39500056 66.421 68.2449994 66.421 0 P 0
L 66.39500056 70.85600002 68.2449994 70.85600002 0 P 0
L 66.40500054 85.35399998 68.25499938 85.35399998 0 P 0
L 66.40500054 89.789 68.25499938 89.789 0 P 0
L 66.40500054 94.22400002 68.25499938 94.22400002 0 P 0
L 67.31999998 61.06100056 67.31999998 62.9109994 0 P 0
L 67.31999998 65.49600058 67.31999998 67.34599942 0 P 0
L 67.31999998 69.9310006 67.31999998 71.78099944 0 P 0
L 67.32999996 84.42900056 67.32999996 86.2789994 0 P 0
L 67.32999996 88.86400058 67.32999996 90.71399942 0 P 0
L 67.32999996 93.2990006 67.32999996 95.14899944 0 P 0
L 70.83000058 61.98599998 72.67999942 61.98599998 0 P 0
L 70.83000058 66.421 72.67999942 66.421 0 P 0
L 70.83000058 70.85600002 72.67999942 70.85600002 0 P 0
L 70.84000056 85.35399998 72.6899994 85.35399998 0 P 0
L 70.84000056 89.789 72.6899994 89.789 0 P 0
L 70.84000056 94.22400002 72.6899994 94.22400002 0 P 0
L 71.755 61.06100056 71.755 62.9109994 0 P 0
L 71.755 65.49600058 71.755 67.34599942 0 P 0
L 71.755 69.9310006 71.755 71.78099944 0 P 0
L 71.76499998 84.42900056 71.76499998 86.2789994 0 P 0
L 71.76499998 88.86400058 71.76499998 90.71399942 0 P 0
L 71.76499998 93.2990006 71.76499998 95.14899944 0 P 0
L 75.2650006 61.98599998 77.11499944 61.98599998 0 P 0
L 75.2650006 66.421 77.11499944 66.421 0 P 0
L 75.2650006 70.85600002 77.11499944 70.85600002 0 P 0
L 75.27500058 85.35399998 77.12499942 85.35399998 0 P 0
L 75.27500058 89.789 77.12499942 89.789 0 P 0
L 75.27500058 94.22400002 77.12499942 94.22400002 0 P 0
L 76.19000002 61.06100056 76.19000002 62.9109994 0 P 0
L 76.19000002 65.49600058 76.19000002 67.34599942 0 P 0
L 76.19000002 69.9310006 76.19000002 71.78099944 0 P 0
L 76.2 84.42900056 76.2 86.2789994 0 P 0
L 76.2 88.86400058 76.2 90.71399942 0 P 0
L 76.2 93.2990006 76.2 95.14899944 0 P 0
L 124.5370001 70.47099952 126.38699894 70.47099952 0 P 0
L 124.5370001 76.34100048 126.38699894 76.34100048 0 P 0
L 124.90399962 88.36399904 126.75399846 88.36399904 0 P 0
L 124.90399962 94.234 126.75399846 94.234 0 P 0
L 125.46199952 69.5460001 125.46199952 71.39599894 0 P 0
L 125.46199952 75.41600106 125.46199952 77.2659999 0 P 0
L 125.82899904 87.43899962 125.82899904 89.28899846 0 P 0
L 125.82899904 93.30900058 125.82899904 95.15899942 0 P 0
L 126.79700066 73.406 129.99699934 73.406 0 P 0
L 127.16400018 91.29899952 130.36399886 91.29899952 0 P 0
L 128.397 71.80600066 128.397 75.00599934 0 P 0
L 128.76399952 89.69900018 128.76399952 92.89899886 0 P 0
L 130.40700106 70.47099952 132.2569999 70.47099952 0 P 0
L 130.40700106 76.34100048 132.2569999 76.34100048 0 P 0
L 130.77400058 88.36399904 132.62399942 88.36399904 0 P 0
L 130.77400058 94.234 132.62399942 94.234 0 P 0
L 131.33200048 69.5460001 131.33200048 71.39599894 0 P 0
L 131.33200048 75.41600106 131.33200048 77.2659999 0 P 0
L 131.699 87.43899962 131.699 89.28899846 0 P 0
L 131.699 93.30900058 131.699 95.15899942 0 P 0
