UNITS=MM
#Layer_Color=9474304
#
#Feature symbol names
#
$0 r127

#
#Feature attribute names
#

#
#Layer features
#
L 10.7329986 9.69600296 12.1329958 9.69600296 0 P 0
L 10.7329986 13.50600296 12.1329958 13.50600296 0 P 0
L 10.9960029 19.7999985 12.3960001 19.7999985 0 P 0
L 10.9960029 23.6099985 12.3960001 23.6099985 0 P 0
L 11.12100392 29.89999862 12.52100112 29.89999862 0 P 0
L 11.12100392 33.70999862 12.52100112 33.70999862 0 P 0
L 11.13300034 40.19600038 12.53299754 40.19600038 0 P 0
L 11.13300034 44.00600038 12.53299754 44.00600038 0 P 0
L 11.32800376 50.14399928 12.72800096 50.14399928 0 P 0
L 11.32800376 53.95399928 12.72800096 53.95399928 0 P 0
L 11.4329972 8.99600436 11.4329972 10.39600156 0 P 0
L 11.4329972 12.80600436 11.4329972 14.20600156 0 P 0
L 11.6960015 19.0999999 11.6960015 20.4999971 0 P 0
L 11.6960015 22.9099999 11.6960015 24.3099971 0 P 0
L 11.82100252 29.20000002 11.82100252 30.59999722 0 P 0
L 11.82100252 33.01000002 11.82100252 34.40999722 0 P 0
L 11.83299894 39.49600178 11.83299894 40.89599898 0 P 0
L 11.83299894 43.30600178 11.83299894 44.70599898 0 P 0
L 12.02800236 49.44400068 12.02800236 50.84399788 0 P 0
L 12.02800236 53.25400068 12.02800236 54.65399788 0 P 0
L 20.83240436 27.70399844 21.54360436 27.70399844 0 P 0
L 20.84440078 38.0000002 21.55560078 38.0000002 0 P 0
L 21.14440018 49.79999946 21.85560018 49.79999946 0 P 0
L 21.18800436 27.34839844 21.18800436 28.05959844 0 P 0
L 21.20000078 37.6444002 21.20000078 38.3556002 0 P 0
L 21.50000018 49.44439946 21.50000018 50.15559946 0 P 0
L 28.54439808 8.40000352 29.25559808 8.40000352 0 P 0
L 28.89999808 8.04440352 28.89999808 8.75560352 0 P 0
L 29.64440096 20.39999984 30.35560096 20.39999984 0 P 0
L 30.00000096 20.04439984 30.00000096 20.75559984 0 P 0
L 33.55299868 9.49700412 34.95299588 9.49700412 0 P 0
L 33.55299868 13.30700412 34.95299588 13.30700412 0 P 0
L 33.81600298 19.60099966 35.21600018 19.60099966 0 P 0
L 33.81600298 23.41099966 35.21600018 23.41099966 0 P 0
L 33.941004 29.70099978 35.3410012 29.70099978 0 P 0
L 33.941004 33.51099978 35.3410012 33.51099978 0 P 0
L 33.95300042 39.99700154 35.35299762 39.99700154 0 P 0
L 33.95300042 43.80700154 35.35299762 43.80700154 0 P 0
L 34.14800384 49.94500044 35.54800104 49.94500044 0 P 0
L 34.14800384 53.75500044 35.54800104 53.75500044 0 P 0
L 34.25299728 8.79700552 34.25299728 10.19700272 0 P 0
L 34.25299728 12.60700552 34.25299728 14.00700272 0 P 0
L 34.51600158 18.90100106 34.51600158 20.30099826 0 P 0
L 34.51600158 22.71100106 34.51600158 24.11099826 0 P 0
L 34.6410026 29.00100118 34.6410026 30.40099838 0 P 0
L 34.6410026 32.81100118 34.6410026 34.21099838 0 P 0
L 34.65299902 39.29700294 34.65299902 40.69700014 0 P 0
L 34.65299902 43.10700294 34.65299902 44.50700014 0 P 0
L 34.84800244 49.24500184 34.84800244 50.64499904 0 P 0
L 34.84800244 53.05500184 34.84800244 54.45499904 0 P 0
L 53.2020018 10.1950012 54.601999 10.1950012 0 P 0
L 53.2020018 14.0050012 54.601999 14.0050012 0 P 0
L 53.2020018 20.19499898 54.601999 20.19499898 0 P 0
L 53.2020018 24.00499898 54.601999 24.00499898 0 P 0
L 53.2020018 30.1949993 54.601999 30.1949993 0 P 0
L 53.2020018 34.0049993 54.601999 34.0049993 0 P 0
L 53.2020018 40.19499962 54.601999 40.19499962 0 P 0
L 53.2020018 44.00499962 54.601999 44.00499962 0 P 0
L 53.2020018 50.19499994 54.601999 50.19499994 0 P 0
L 53.2020018 54.00499994 54.601999 54.00499994 0 P 0
L 53.9020004 9.4950026 53.9020004 10.8949998 0 P 0
L 53.9020004 13.3050026 53.9020004 14.7049998 0 P 0
L 53.9020004 19.49500038 53.9020004 20.89499758 0 P 0
L 53.9020004 23.30500038 53.9020004 24.70499758 0 P 0
L 53.9020004 29.4950007 53.9020004 30.8949979 0 P 0
L 53.9020004 33.3050007 53.9020004 34.7049979 0 P 0
L 53.9020004 39.49500102 53.9020004 40.89499822 0 P 0
L 53.9020004 43.30500102 53.9020004 44.70499822 0 P 0
L 53.9020004 49.49500134 53.9020004 50.89499854 0 P 0
L 53.9020004 53.30500134 53.9020004 54.70499854 0 P 0
L 61.84440006 50.09999886 62.55560006 50.09999886 0 P 0
L 62.20000006 49.74439886 62.20000006 50.45559886 0 P 0
L 62.5444012 9.80000072 63.2556012 9.80000072 0 P 0
L 62.9000012 9.44440072 62.9000012 10.15560072 0 P 0
L 71.14439924 38.1999998 71.85559924 38.1999998 0 P 0
L 71.49999924 37.8443998 71.49999924 38.5555998 0 P 0
L 71.54440098 27.50000088 72.25560098 27.50000088 0 P 0
L 71.90000098 27.14440088 71.90000098 27.85560088 0 P 0
L 73.04440052 21.40000038 73.75560052 21.40000038 0 P 0
L 73.40000052 21.04440038 73.40000052 21.75560038 0 P 0
L 75.79800182 10.1950012 77.19799902 10.1950012 0 P 0
L 75.79800182 14.0050012 77.19799902 14.0050012 0 P 0
L 75.79800182 20.19499898 77.19799902 20.19499898 0 P 0
L 75.79800182 24.00499898 77.19799902 24.00499898 0 P 0
L 75.79800182 30.1949993 77.19799902 30.1949993 0 P 0
L 75.79800182 34.0049993 77.19799902 34.0049993 0 P 0
L 75.79800182 40.19499962 77.19799902 40.19499962 0 P 0
L 75.79800182 44.00499962 77.19799902 44.00499962 0 P 0
L 75.79800182 50.19499994 77.19799902 50.19499994 0 P 0
L 75.79800182 54.00499994 77.19799902 54.00499994 0 P 0
L 76.49800042 9.4950026 76.49800042 10.8949998 0 P 0
L 76.49800042 13.3050026 76.49800042 14.7049998 0 P 0
L 76.49800042 19.49500038 76.49800042 20.89499758 0 P 0
L 76.49800042 23.30500038 76.49800042 24.70499758 0 P 0
L 76.49800042 29.4950007 76.49800042 30.8949979 0 P 0
L 76.49800042 33.3050007 76.49800042 34.7049979 0 P 0
L 76.49800042 39.49500102 76.49800042 40.89499822 0 P 0
L 76.49800042 43.30500102 76.49800042 44.70499822 0 P 0
L 76.49800042 49.49500134 76.49800042 50.89499854 0 P 0
L 76.49800042 53.30500134 76.49800042 54.70499854 0 P 0
