UNITS=MM
#Layer_Color=32768
#
#Feature symbol names
#
$0 r49.9999
$1 r99.9998

#
#Feature attribute names
#

#
#Layer features
#
L 8.60000058 8.45000088 8.60000058 14.04999984 0 P 0
L 8.60000058 8.45000088 16.40000022 8.45000088 0 P 0
L 8.60000058 14.04999984 16.40000022 14.04999984 0 P 0
L 12.0000014 11.25000036 13.00000194 11.25000036 1 P 0
L 12.5000004 10.74999882 12.5000004 11.74999936 1 P 0
L 14.74999844 1.10000288 14.74999844 7.90000198 0 P 0
L 14.74999844 1.10000288 23.75000076 1.10000288 0 P 0
L 14.74999844 7.90000198 23.75000076 7.90000198 0 P 0
L 16.40000022 8.45000088 16.40000022 14.04999984 0 P 0
L 18.7500006 4.50000116 19.75000114 4.50000116 1 P 0
L 19.2499996 4.00000216 19.2499996 5.0000027 1 P 0
L 19.2999995 10.50000186 19.2999995 12.0000014 0 P 0
L 19.2999995 10.50000186 22.00000172 10.50000186 0 P 0
L 19.2999995 12.0000014 22.00000172 12.0000014 0 P 0
L 20.17500156 11.25000036 21.12499966 11.25000036 1 P 0
L 20.65000188 10.77500004 20.65000188 11.72500068 1 P 0
L 21.59999998 16.89999922 21.59999998 19.09999736 0 P 0
L 21.59999998 16.89999922 24.6000016 16.89999922 0 P 0
L 21.59999998 19.09999736 24.6000016 19.09999736 0 P 0
L 22.00000172 10.50000186 22.00000172 12.0000014 0 P 0
L 22.60000052 17.99999956 23.60000106 17.99999956 1 P 0
L 23.10000206 17.49999802 23.10000206 18.49999856 1 P 0
L 23.75000076 1.10000288 23.75000076 7.90000198 0 P 0
L 24.49999926 13.90000014 24.49999926 16.59999982 0 P 0
L 24.49999926 13.90000014 25.9999988 13.90000014 0 P 0
L 24.49999926 16.59999982 25.9999988 16.59999982 0 P 0
L 24.6000016 16.89999922 24.6000016 19.09999736 0 P 0
L 24.77499998 15.24999998 25.72499808 15.24999998 1 P 0
L 25.2500003 14.77499966 25.2500003 15.7250003 1 P 0
L 25.9999988 13.90000014 25.9999988 16.59999982 0 P 0
L 30.22800152 4.84080058 30.22800152 20.67200082 0 P 0
L 30.22800152 4.84080058 39.77200072 4.84080058 0 P 0
L 30.22800152 20.67200082 39.77200072 20.67200082 0 P 0
L 33.75000108 12.7499999 35.00000112 12.7499999 1 P 0
L 35.00000112 11.49999986 35.00000112 12.7499999 1 P 0
L 35.00000112 12.7499999 35.00000112 13.99999994 1 P 0
L 35.00000112 12.7499999 36.20000126 12.7499999 1 P 0
L 39.77200072 4.84080058 39.77200072 20.67200082 0 P 0
