UNITS=MM
#Layer_Color=9474304
#
#Feature symbol names
#
$0 r127

#
#Feature attribute names
#

#
#Layer features
#
L 4.62400142 2.82200096 4.92400082 2.82200096 0 P 0
L 4.62400142 12.82200128 4.92400082 12.82200128 0 P 0
L 4.77400112 2.67200126 4.77400112 2.97200066 0 P 0
L 4.77400112 12.67200158 4.77400112 12.97200098 0 P 0
L 7.1240015 7.82200112 7.4240009 7.82200112 0 P 0
L 7.1240015 17.82200144 7.4240009 17.82200144 0 P 0
L 7.2740012 7.67200142 7.2740012 7.97200082 0 P 0
L 7.2740012 17.67200174 7.2740012 17.97200114 0 P 0
L 9.62400158 2.82200096 9.92400098 2.82200096 0 P 0
L 9.77400128 2.67200126 9.77400128 2.97200066 0 P 0
L 9.85000062 15.98399902 10.15000002 15.98399902 0 P 0
L 10.00000032 15.83399932 10.00000032 16.13399872 0 P 0
L 10.59999912 19.0000001 10.89999852 19.0000001 0 P 0
L 10.74999882 18.8500004 10.74999882 19.1499998 0 P 0
L 12.12400166 7.82200112 12.42400106 7.82200112 0 P 0
L 12.12400166 17.82200144 12.42400106 17.82200144 0 P 0
L 12.27400136 7.67200142 12.27400136 7.97200082 0 P 0
L 12.27400136 17.67200174 12.27400136 17.97200114 0 P 0
L 13.0999992 11.25000036 13.3999986 11.25000036 0 P 0
L 13.2499989 11.10000066 13.2499989 11.40000006 0 P 0
L 14.62400174 2.82200096 14.92400114 2.82200096 0 P 0
L 14.77400144 2.67200126 14.77400144 2.97200066 0 P 0
L 17.12400182 7.82200112 17.42400122 7.82200112 0 P 0
L 17.12400182 17.82200144 17.42400122 17.82200144 0 P 0
L 17.27400152 7.67200142 17.27400152 7.97200082 0 P 0
L 17.27400152 17.67200174 17.27400152 17.97200114 0 P 0
L 18.6000009 11.49999986 18.9000003 11.49999986 0 P 0
L 18.7500006 11.35000016 18.7500006 11.64999956 0 P 0
L 19.6240019 2.82200096 19.9240013 2.82200096 0 P 0
L 19.6240019 12.82200128 19.9240013 12.82200128 0 P 0
L 19.7740016 2.67200126 19.7740016 2.97200066 0 P 0
L 19.7740016 12.67200158 19.7740016 12.97200098 0 P 0
L 19.85000094 8.75000028 20.15000034 8.75000028 0 P 0
L 20.00000064 8.60000058 20.00000064 8.89999998 0 P 0
L 20.10000044 13.75000044 20.39999984 13.75000044 0 P 0
L 20.25000014 13.60000074 20.25000014 13.90000014 0 P 0
L 21.84999948 6.7499992 22.14999888 6.7499992 0 P 0
L 21.99999918 6.5999995 21.99999918 6.8999989 0 P 0
L 23.60000106 8.75000028 23.90000046 8.75000028 0 P 0
L 23.75000076 8.60000058 23.75000076 8.89999998 0 P 0
L 24.62400206 12.82200128 24.92400146 12.82200128 0 P 0
L 24.77400176 12.67200158 24.77400176 12.97200098 0 P 0
L 26.64439934 17.25000106 27.35559934 17.25000106 0 P 0
L 26.99999934 16.89440106 26.99999934 17.60560106 0 P 0
L 28.34999918 21.00000118 28.64999858 21.00000118 0 P 0
L 28.49999888 20.85000148 28.49999888 21.15000088 0 P 0
L 29.62400222 2.82200096 29.92400162 2.82200096 0 P 0
L 29.62400222 12.82200128 29.92400162 12.82200128 0 P 0
L 29.77400192 2.67200126 29.77400192 2.97200066 0 P 0
L 29.77400192 12.67200158 29.77400192 12.97200098 0 P 0
L 30.90930064 5.48999918 32.20470064 5.48999918 0 P 0
L 30.90930064 8.99519918 32.20470064 8.99519918 0 P 0
L 30.90930064 12.50039918 32.20470064 12.50039918 0 P 0
L 30.90930064 16.00559918 32.20470064 16.00559918 0 P 0
L 30.90930064 19.51079918 32.20470064 19.51079918 0 P 0
L 31.55700064 4.84229918 31.55700064 6.13769918 0 P 0
L 31.55700064 8.34749918 31.55700064 9.64289918 0 P 0
L 31.55700064 11.85269918 31.55700064 13.14809918 0 P 0
L 31.55700064 15.35789918 31.55700064 16.65329918 0 P 0
L 31.55700064 18.86309918 31.55700064 20.15849918 0 P 0
L 32.1240023 17.82200144 32.4240017 17.82200144 0 P 0
L 32.274002 17.67200174 32.274002 17.97200114 0 P 0
L 34.62400238 2.82200096 34.92400178 2.82200096 0 P 0
L 34.62400238 12.82200128 34.92400178 12.82200128 0 P 0
L 34.77400208 2.67200126 34.77400208 2.97200066 0 P 0
L 34.77400208 12.67200158 34.77400208 12.97200098 0 P 0
L 37.12400246 7.82200112 37.42400186 7.82200112 0 P 0
L 37.12400246 17.82200144 37.42400186 17.82200144 0 P 0
L 37.27400216 7.67200142 37.27400216 7.97200082 0 P 0
L 37.27400216 17.67200174 37.27400216 17.97200114 0 P 0
