UNITS=MM
#Layer_Color=9474304
#
#Feature symbol names
#
$0 r169.33164
$1 r127

#
#Feature attribute names
#

#
#Layer features
#
A 72.644 73.66 72.644 73.66 72.136 73.66 0 P 0 N
L 68.69299952 70.21699952 68.69299952 71.23299952 1 P 0
L 68.69299952 70.21699952 69.70899952 70.21699952 1 P 0
L 68.69299952 71.23299952 69.70899952 71.23299952 1 P 0
L 68.69299952 76.08700048 68.69299952 77.10300048 1 P 0
L 68.69299952 76.08700048 69.70899952 76.08700048 1 P 0
L 68.69299952 77.10300048 69.70899952 77.10300048 1 P 0
L 69.70899952 70.21699952 69.70899952 71.23299952 1 P 0
L 69.70899952 76.08700048 69.70899952 77.10300048 1 P 0
L 74.56300048 70.21699952 74.56300048 71.23299952 1 P 0
L 74.56300048 70.21699952 75.57900048 70.21699952 1 P 0
L 74.56300048 71.23299952 75.57900048 71.23299952 1 P 0
L 74.56300048 76.08700048 74.56300048 77.10300048 1 P 0
L 74.56300048 76.08700048 75.57900048 76.08700048 1 P 0
L 74.56300048 77.10300048 75.57900048 77.10300048 1 P 0
L 75.57900048 70.21699952 75.57900048 71.23299952 1 P 0
L 75.57900048 76.08700048 75.57900048 77.10300048 1 P 0
L 101.35599998 70.62199998 101.35599998 71.63799998 1 P 0
L 101.35599998 70.62199998 102.37199998 70.62199998 1 P 0
L 101.35599998 71.63799998 102.37199998 71.63799998 1 P 0
L 101.35599998 75.057 101.35599998 76.073 1 P 0
L 101.35599998 75.057 102.37199998 75.057 1 P 0
L 101.35599998 76.073 102.37199998 76.073 1 P 0
L 101.35599998 79.49200002 101.35599998 80.50800002 1 P 0
L 101.35599998 79.49200002 102.37199998 79.49200002 1 P 0
L 101.35599998 80.50800002 102.37199998 80.50800002 1 P 0
L 102.37199998 70.62199998 102.37199998 71.63799998 1 P 0
L 102.37199998 75.057 102.37199998 76.073 1 P 0
L 102.37199998 79.49200002 102.37199998 80.50800002 1 P 0
L 105.791 70.62199998 105.791 71.63799998 1 P 0
L 105.791 70.62199998 106.807 70.62199998 1 P 0
L 105.791 71.63799998 106.807 71.63799998 1 P 0
L 105.791 75.057 105.791 76.073 1 P 0
L 105.791 75.057 106.807 75.057 1 P 0
L 105.791 76.073 106.807 76.073 1 P 0
L 105.791 79.49200002 105.791 80.50800002 1 P 0
L 105.791 79.49200002 106.807 79.49200002 1 P 0
L 105.791 80.50800002 106.807 80.50800002 1 P 0
L 106.807 70.62199998 106.807 71.63799998 1 P 0
L 106.807 75.057 106.807 76.073 1 P 0
L 106.807 79.49200002 106.807 80.50800002 1 P 0
L 110.22600002 70.62199998 110.22600002 71.63799998 1 P 0
L 110.22600002 70.62199998 111.24200002 70.62199998 1 P 0
L 110.22600002 71.63799998 111.24200002 71.63799998 1 P 0
L 110.22600002 75.057 110.22600002 76.073 1 P 0
L 110.22600002 75.057 111.24200002 75.057 1 P 0
L 110.22600002 76.073 111.24200002 76.073 1 P 0
L 110.22600002 79.49200002 110.22600002 80.50800002 1 P 0
L 110.22600002 79.49200002 111.24200002 79.49200002 1 P 0
L 110.22600002 80.50800002 111.24200002 80.50800002 1 P 0
L 111.24200002 70.62199998 111.24200002 71.63799998 1 P 0
L 111.24200002 75.057 111.24200002 76.073 1 P 0
L 111.24200002 79.49200002 111.24200002 80.50800002 1 P 0
