UNITS=MM
#Layer_Color=32768
#
#Feature symbol names
#
$0 r49.9999
$1 r99.9998
$2 r199.9996

#
#Feature attribute names
#

#
#Layer features
#
L 55.499 72.263 55.499 81.915 2 P 0
L 55.499 72.263 65.786 72.263 2 P 0
L 55.499 81.915 65.786 81.915 2 P 0
L 55.753 86.614 55.753 96.266 2 P 0
L 55.753 86.614 66.04 86.614 2 P 0
L 55.753 96.266 66.04 96.266 2 P 0
L 60.071 77.089 61.341 77.089 2 P 0
L 60.325 91.44 61.595 91.44 2 P 0
L 60.706 76.454 60.706 77.724 2 P 0
L 60.96 90.805 60.96 92.075 2 P 0
L 65.786 72.263 65.786 81.915 2 P 0
L 66.04 86.614 66.04 96.266 2 P 0
L 66.17899896 82.85100016 66.17899896 85.55099984 0 P 0
L 66.17899896 82.85100016 67.6789985 82.85100016 0 P 0
L 66.17899896 85.55099984 67.6789985 85.55099984 0 P 0
L 66.45399968 84.201 67.40399778 84.201 1 P 0
L 66.929 83.72599968 66.929 84.67600032 1 P 0
L 67.6789985 82.85100016 67.6789985 85.55099984 0 P 0
L 68.3380015 82.85100016 68.3380015 85.55099984 0 P 0
L 68.3380015 82.85100016 69.83800104 82.85100016 0 P 0
L 68.3380015 85.55099984 69.83800104 85.55099984 0 P 0
L 68.61300222 84.201 69.56300032 84.201 1 P 0
L 69.088 83.72599968 69.088 84.67600032 1 P 0
L 69.83800104 82.85100016 69.83800104 85.55099984 0 P 0
L 70.8780015 82.85100016 70.8780015 85.55099984 0 P 0
L 70.8780015 82.85100016 72.37800104 82.85100016 0 P 0
L 70.8780015 85.55099984 72.37800104 85.55099984 0 P 0
L 71.15300222 84.201 72.10300032 84.201 1 P 0
L 71.628 83.72599968 71.628 84.67600032 1 P 0
L 72.37800104 82.85100016 72.37800104 85.55099984 0 P 0
L 73.16399896 82.85100016 73.16399896 85.55099984 0 P 0
L 73.16399896 82.85100016 74.6639985 82.85100016 0 P 0
L 73.16399896 85.55099984 74.6639985 85.55099984 0 P 0
L 73.43899968 84.201 74.38899778 84.201 1 P 0
L 73.914 83.72599968 73.914 84.67600032 1 P 0
L 74.6639985 82.85100016 74.6639985 85.55099984 0 P 0
L 154.28599826 83.21499994 154.28599826 84.81499928 0 P 0
L 154.28599826 83.21499994 155.0859992 83.21499994 0 P 0
L 154.28599826 84.81499928 155.0859992 84.81499928 0 P 0
L 154.3860006 84.01500088 154.9859994 84.01500088 1 P 0
L 154.686 83.71499894 154.686 84.31500028 1 P 0
L 155.0859992 83.21499994 155.0859992 84.81499928 0 P 0
