UNITS=MM
#Layer_Color=9474304
#
#Feature symbol names
#
$0 r127

#
#Feature attribute names
#

#
#Layer features
#
L 6.99200024 14.00800094 7.50000024 12.99200094 0 P 0
L 6.99200024 14.00800094 8.00800024 14.00800094 0 P 0
L 7.50000024 12.99200094 8.00800024 14.00800094 0 P 0
L 8.74199928 5.25800066 9.24999928 4.24200066 0 P 0
L 8.74199928 5.25800066 9.75799928 5.25800066 0 P 0
L 9.24999928 4.24200066 9.75799928 5.25800066 0 P 0
L 11.49199886 13.2579999 11.99999886 12.2419999 0 P 0
L 11.49199886 13.2579999 12.50799886 13.2579999 0 P 0
L 11.99999886 12.2419999 12.50799886 13.2579999 0 P 0
L 13.01699962 10.7829985 13.52499962 9.7669985 0 P 0
L 13.01699962 10.7829985 14.03299962 10.7829985 0 P 0
L 13.52499962 9.7669985 14.03299962 10.7829985 0 P 0
L 17.24200006 11.71699968 17.75000006 10.70099968 0 P 0
L 17.24200006 11.71699968 18.25800006 11.71699968 0 P 0
L 17.24200006 19.0080011 17.75000006 17.9920011 0 P 0
L 17.24200006 19.0080011 18.25800006 19.0080011 0 P 0
L 17.75000006 10.70099968 18.25800006 11.71699968 0 P 0
L 17.75000006 17.9920011 18.25800006 19.0080011 0 P 0
L 23.27392348 15.03992166 23.78192348 14.02392166 0 P 0
L 23.27392348 15.03992166 24.28992348 15.03992166 0 P 0
L 23.78192348 14.02392166 24.28992348 15.03992166 0 P 0
L 26.49199934 16.50800102 26.99999934 15.49200102 0 P 0
L 26.49199934 16.50800102 27.50799934 16.50800102 0 P 0
L 26.99999934 15.49200102 27.50799934 16.50800102 0 P 0
L 31.19000112 6.9841999 31.19000112 8.0001999 0 P 0
L 31.19000112 6.9841999 32.20600112 6.9841999 0 P 0
L 31.19000112 8.0001999 32.20600112 8.0001999 0 P 0
L 31.19000112 10.4893999 31.19000112 11.5053999 0 P 0
L 31.19000112 10.4893999 32.20600112 10.4893999 0 P 0
L 31.19000112 11.5053999 32.20600112 11.5053999 0 P 0
L 31.19000112 13.9945999 31.19000112 15.0105999 0 P 0
L 31.19000112 13.9945999 32.20600112 13.9945999 0 P 0
L 31.19000112 15.0105999 32.20600112 15.0105999 0 P 0
L 31.19000112 17.4997999 31.19000112 18.5157999 0 P 0
L 31.19000112 17.4997999 32.20600112 17.4997999 0 P 0
L 31.19000112 18.5157999 32.20600112 18.5157999 0 P 0
L 32.20600112 6.9841999 32.20600112 8.0001999 0 P 0
L 32.20600112 10.4893999 32.20600112 11.5053999 0 P 0
L 32.20600112 13.9945999 32.20600112 15.0105999 0 P 0
L 32.20600112 17.4997999 32.20600112 18.5157999 0 P 0
