UNITS=MM
#Layer_Color=9474304
#
#Feature symbol names
#
$0 r127

#
#Feature attribute names
#

#
#Layer features
#
L 10.733024 9.69599534 12.1330212 9.69599534 0 P 0
L 10.733024 13.50599534 12.1330212 13.50599534 0 P 0
L 10.9960156 19.80001374 12.3960128 19.80001374 0 P 0
L 10.9960156 23.61001374 12.3960128 23.61001374 0 P 0
L 11.1209836 29.90001894 12.5209808 29.90001894 0 P 0
L 11.1209836 33.71001894 12.5209808 33.71001894 0 P 0
L 11.1330232 40.19601054 12.5330204 40.19601054 0 P 0
L 11.1330232 44.00601054 12.5330204 44.00601054 0 P 0
L 11.3279936 50.14402214 12.7279908 50.14402214 0 P 0
L 11.3279936 53.95402214 12.7279908 53.95402214 0 P 0
L 11.4330226 8.99599674 11.4330226 10.39599394 0 P 0
L 11.4330226 12.80599674 11.4330226 14.20599394 0 P 0
L 11.6960142 19.10001514 11.6960142 20.50001234 0 P 0
L 11.6960142 22.91001514 11.6960142 24.31001234 0 P 0
L 11.8209822 29.20002034 11.8209822 30.60001754 0 P 0
L 11.8209822 33.01002034 11.8209822 34.41001754 0 P 0
L 11.8330218 39.49601194 11.8330218 40.89600914 0 P 0
L 11.8330218 43.30601194 11.8330218 44.70600914 0 P 0
L 12.0279922 49.44402354 12.0279922 50.84402074 0 P 0
L 12.0279922 53.25402354 12.0279922 54.65402074 0 P 0
L 33.5529936 9.49701174 34.9529908 9.49701174 0 P 0
L 33.5529936 13.30701174 34.9529908 13.30701174 0 P 0
L 33.8159852 19.60097934 35.2159824 19.60097934 0 P 0
L 33.8159852 23.41097934 35.2159824 23.41097934 0 P 0
L 33.941004 29.70098454 35.3410012 29.70098454 0 P 0
L 33.941004 33.51098454 35.3410012 33.51098454 0 P 0
L 33.9529928 39.99702694 35.35299 39.99702694 0 P 0
L 33.9529928 43.80702694 35.35299 43.80702694 0 P 0
L 34.148014 49.94498774 35.5480112 49.94498774 0 P 0
L 34.148014 53.75498774 35.5480112 53.75498774 0 P 0
L 34.2529922 8.79701314 34.2529922 10.19701034 0 P 0
L 34.2529922 12.60701314 34.2529922 14.00701034 0 P 0
L 34.5159838 18.90098074 34.5159838 20.30097794 0 P 0
L 34.5159838 22.71098074 34.5159838 24.11097794 0 P 0
L 34.6410026 29.00098594 34.6410026 30.40098314 0 P 0
L 34.6410026 32.81098594 34.6410026 34.21098314 0 P 0
L 34.6529914 39.29702834 34.6529914 40.69702554 0 P 0
L 34.6529914 43.10702834 34.6529914 44.50702554 0 P 0
L 34.8480126 49.24498914 34.8480126 50.64498634 0 P 0
L 34.8480126 53.05498914 34.8480126 54.45498634 0 P 0
L 53.278024 40.64401574 54.6780212 40.64401574 0 P 0
L 53.278024 44.45401574 54.6780212 44.45401574 0 P 0
L 53.3329896 8.69401614 54.7329868 8.69401614 0 P 0
L 53.3329896 12.50401614 54.7329868 12.50401614 0 P 0
L 53.3329896 19.44400734 54.7329868 19.44400734 0 P 0
L 53.3329896 23.25400734 54.7329868 23.25400734 0 P 0
L 53.3329896 30.44398534 54.7329868 30.44398534 0 P 0
L 53.3329896 34.25398534 54.7329868 34.25398534 0 P 0
L 53.5329892 51.56901294 54.9329864 51.56901294 0 P 0
L 53.5329892 55.37901294 54.9329864 55.37901294 0 P 0
L 53.9780226 39.94401714 53.9780226 41.34401434 0 P 0
L 53.9780226 43.75401714 53.9780226 45.15401434 0 P 0
L 54.0329882 7.99401754 54.0329882 9.39401474 0 P 0
L 54.0329882 11.80401754 54.0329882 13.20401474 0 P 0
L 54.0329882 18.74400874 54.0329882 20.14400594 0 P 0
L 54.0329882 22.55400874 54.0329882 23.95400594 0 P 0
L 54.0329882 29.74398674 54.0329882 31.14398394 0 P 0
L 54.0329882 33.55398674 54.0329882 34.95398394 0 P 0
L 54.2329878 50.86901434 54.2329878 52.26901154 0 P 0
L 54.2329878 54.67901434 54.2329878 56.07901154 0 P 0
L 76.0979936 40.44498134 77.4979908 40.44498134 0 P 0
L 76.0979936 44.25498134 77.4979908 44.25498134 0 P 0
L 76.15301 8.49498174 77.5530072 8.49498174 0 P 0
L 76.15301 12.30498174 77.5530072 12.30498174 0 P 0
L 76.15301 19.24502374 77.5530072 19.24502374 0 P 0
L 76.15301 23.05502374 77.5530072 23.05502374 0 P 0
L 76.15301 30.24500174 77.5530072 30.24500174 0 P 0
L 76.15301 34.05500174 77.5530072 34.05500174 0 P 0
L 76.3530096 51.36997854 77.7530068 51.36997854 0 P 0
L 76.3530096 55.17997854 77.7530068 55.17997854 0 P 0
L 76.7979922 39.74498274 76.7979922 41.14497994 0 P 0
L 76.7979922 43.55498274 76.7979922 44.95497994 0 P 0
L 76.8530086 7.79498314 76.8530086 9.19498034 0 P 0
L 76.8530086 11.60498314 76.8530086 13.00498034 0 P 0
L 76.8530086 18.54502514 76.8530086 19.94502234 0 P 0
L 76.8530086 22.35502514 76.8530086 23.75502234 0 P 0
L 76.8530086 29.54500314 76.8530086 30.94500034 0 P 0
L 76.8530086 33.35500314 76.8530086 34.75500034 0 P 0
L 77.0530082 50.66997994 77.0530082 52.06997714 0 P 0
L 77.0530082 54.47997994 77.0530082 55.87997714 0 P 0
L 96.0329804 30.52699254 97.4329776 30.52699254 0 P 0
L 96.0329804 34.33699254 97.4329776 34.33699254 0 P 0
L 96.0329804 40.06901054 97.4329776 40.06901054 0 P 0
L 96.0329804 43.87901054 97.4329776 43.87901054 0 P 0
L 96.1750172 49.91100254 97.5750144 49.91100254 0 P 0
L 96.1750172 53.72100254 97.5750144 53.72100254 0 P 0
L 96.5330048 7.87486614 97.933002 7.87486614 0 P 0
L 96.5330048 11.68486614 97.933002 11.68486614 0 P 0
L 96.5330048 19.87484214 97.933002 19.87484214 0 P 0
L 96.5330048 23.68484214 97.933002 23.68484214 0 P 0
L 96.732979 29.82699394 96.732979 31.22699114 0 P 0
L 96.732979 33.63699394 96.732979 35.03699114 0 P 0
L 96.732979 39.36901194 96.732979 40.76900914 0 P 0
L 96.732979 43.17901194 96.732979 44.57900914 0 P 0
L 96.8750158 49.21100394 96.8750158 50.61100114 0 P 0
L 96.8750158 53.02100394 96.8750158 54.42100114 0 P 0
L 97.2330034 7.17486754 97.2330034 8.57486474 0 P 0
L 97.2330034 10.98486754 97.2330034 12.38486474 0 P 0
L 97.2330034 19.17484354 97.2330034 20.57484074 0 P 0
L 97.2330034 22.98484354 97.2330034 24.38484074 0 P 0
L 118.8530008 30.32800894 120.252998 30.32800894 0 P 0
L 118.8530008 34.13800894 120.252998 34.13800894 0 P 0
L 118.8530008 39.87002694 120.252998 39.87002694 0 P 0
L 118.8530008 43.68002694 120.252998 43.68002694 0 P 0
L 118.9949868 49.71201894 120.394984 49.71201894 0 P 0
L 118.9949868 53.52201894 120.394984 53.52201894 0 P 0
L 119.3530252 7.67583174 120.7530224 7.67583174 0 P 0
L 119.3530252 11.48583174 120.7530224 11.48583174 0 P 0
L 119.3530252 19.67585854 120.7530224 19.67585854 0 P 0
L 119.3530252 23.48585854 120.7530224 23.48585854 0 P 0
L 119.5529994 29.62801034 119.5529994 31.02800754 0 P 0
L 119.5529994 33.43801034 119.5529994 34.83800754 0 P 0
L 119.5529994 39.17002834 119.5529994 40.57002554 0 P 0
L 119.5529994 42.98002834 119.5529994 44.38002554 0 P 0
L 119.6949854 49.01202034 119.6949854 50.41201754 0 P 0
L 119.6949854 52.82202034 119.6949854 54.22201754 0 P 0
L 120.0530238 6.97583314 120.0530238 8.37583034 0 P 0
L 120.0530238 10.78583314 120.0530238 12.18583034 0 P 0
L 120.0530238 18.97585994 120.0530238 20.37585714 0 P 0
L 120.0530238 22.78585994 120.0530238 24.18585714 0 P 0
L 137.2750112 7.87999694 138.6750084 7.87999694 0 P 0
L 137.2750112 11.68999694 138.6750084 11.68999694 0 P 0
L 137.4750108 19.68002414 138.875008 19.68002414 0 P 0
L 137.4750108 23.49002414 138.875008 23.49002414 0 P 0
L 137.4750108 29.68000414 138.875008 29.68000414 0 P 0
L 137.4750108 33.49000414 138.875008 33.49000414 0 P 0
L 137.4750108 39.67998414 138.875008 39.67998414 0 P 0
L 137.4750108 43.48998414 138.875008 43.48998414 0 P 0
L 137.4750108 49.68001494 138.875008 49.68001494 0 P 0
L 137.4750108 53.49001494 138.875008 53.49001494 0 P 0
L 137.9750098 7.17999834 137.9750098 8.57999554 0 P 0
L 137.9750098 10.98999834 137.9750098 12.38999554 0 P 0
L 138.1750094 18.98002554 138.1750094 20.38002274 0 P 0
L 138.1750094 22.79002554 138.1750094 24.19002274 0 P 0
L 138.1750094 28.98000554 138.1750094 30.38000274 0 P 0
L 138.1750094 32.79000554 138.1750094 34.19000274 0 P 0
L 138.1750094 38.97998554 138.1750094 40.37998274 0 P 0
L 138.1750094 42.78998554 138.1750094 44.18998274 0 P 0
L 138.1750094 48.98001634 138.1750094 50.38001354 0 P 0
L 138.1750094 52.79001634 138.1750094 54.19001354 0 P 0
L 149.6443794 29.30002014 150.3555794 29.30002014 0 P 0
L 149.9999794 28.94442014 149.9999794 29.65562014 0 P 0
L 159.89798602 19.59498748 161.29798322 19.59498748 0 P 0
L 159.89798602 23.40498748 161.29798322 23.40498748 0 P 0
L 160.0949808 7.68101334 161.494978 7.68101334 0 P 0
L 160.0949808 11.49101334 161.494978 11.49101334 0 P 0
L 160.2949804 29.48102054 161.6949776 29.48102054 0 P 0
L 160.2949804 33.29102054 161.6949776 33.29102054 0 P 0
L 160.2949804 39.48100054 161.6949776 39.48100054 0 P 0
L 160.2949804 43.29100054 161.6949776 43.29100054 0 P 0
L 160.2949804 49.48098054 161.6949776 49.48098054 0 P 0
L 160.2949804 53.29098054 161.6949776 53.29098054 0 P 0
L 160.59798462 18.89498888 160.59798462 20.29498608 0 P 0
L 160.59798462 22.70498888 160.59798462 24.10498608 0 P 0
L 160.7949794 6.98101474 160.7949794 8.38101194 0 P 0
L 160.7949794 10.79101474 160.7949794 12.19101194 0 P 0
L 160.994979 28.78102194 160.994979 30.18101914 0 P 0
L 160.994979 32.59102194 160.994979 33.99101914 0 P 0
L 160.994979 38.78100194 160.994979 40.18099914 0 P 0
L 160.994979 42.59100194 160.994979 43.99099914 0 P 0
L 160.994979 48.78098194 160.994979 50.18097914 0 P 0
L 160.994979 52.59098194 160.994979 53.99097914 0 P 0
L 180.00197934 6.79501562 181.40197654 6.79501562 0 P 0
L 180.00197934 10.60501562 181.40197654 10.60501562 0 P 0
L 180.70197794 6.09501702 180.70197794 7.49501422 0 P 0
L 180.70197794 9.90501702 180.70197794 11.30501422 0 P 0
L 180.9020004 18.19499282 182.3019976 18.19499282 0 P 0
L 180.9020004 22.00499282 182.3019976 22.00499282 0 P 0
L 181.0020002 29.19501908 182.4019974 29.19501908 0 P 0
L 181.0020002 33.00501908 182.4019974 33.00501908 0 P 0
L 181.10202794 40.3949916 182.50202514 40.3949916 0 P 0
L 181.10202794 44.2049916 182.50202514 44.2049916 0 P 0
L 181.30202754 51.39499754 182.70202474 51.39499754 0 P 0
L 181.30202754 55.20499754 182.70202474 55.20499754 0 P 0
L 181.601999 17.49499422 181.601999 18.89499142 0 P 0
L 181.601999 21.30499422 181.601999 22.70499142 0 P 0
L 181.7019988 28.49502048 181.7019988 29.89501768 0 P 0
L 181.7019988 32.30502048 181.7019988 33.70501768 0 P 0
L 181.80202654 39.694993 181.80202654 41.0949902 0 P 0
L 181.80202654 43.504993 181.80202654 44.9049902 0 P 0
L 182.00202614 50.69499894 182.00202614 52.09499614 0 P 0
L 182.00202614 54.50499894 182.00202614 55.90499614 0 P 0
L 186.5443818 19.49999402 187.2555818 19.49999402 0 P 0
L 186.8999818 19.14439402 186.8999818 19.85559402 0 P 0
L 188.24438094 49.90000434 188.95558094 49.90000434 0 P 0
L 188.54440574 25.10000314 189.25560574 25.10000314 0 P 0
L 188.59998094 49.54440434 188.59998094 50.25560434 0 P 0
L 188.90000574 24.74440314 188.90000574 25.45560314 0 P 0
L 190.44442734 51.59997554 191.15562734 51.59997554 0 P 0
L 190.80002734 51.24437554 190.80002734 51.95557554 0 P 0
L 191.34440014 41.30002154 192.05560014 41.30002154 0 P 0
L 191.54439974 37.69997794 192.25559974 37.69997794 0 P 0
L 191.70000014 40.94442154 191.70000014 41.65562154 0 P 0
L 191.89999974 37.34437794 191.89999974 38.05557794 0 P 0
L 192.04440128 9.49999878 192.75560128 9.49999878 0 P 0
L 192.26200054 25.12499674 192.97320054 25.12499674 0 P 0
L 192.40000128 9.14439878 192.40000128 9.85559878 0 P 0
L 192.61760054 24.76939674 192.61760054 25.48059674 0 P 0
L 193.84440022 11.49999986 194.55560022 11.49999986 0 P 0
L 193.84442054 39.39999994 194.55562054 39.39999994 0 P 0
L 194.20000022 11.14439986 194.20000022 11.85559986 0 P 0
L 194.20002054 39.04439994 194.20002054 39.75559994 0 P 0
L 200.1980248 28.99502202 201.598022 28.99502202 0 P 0
L 200.1980248 32.80502202 201.598022 32.80502202 0 P 0
L 200.4980242 40.39502208 201.8980214 40.39502208 0 P 0
L 200.4980242 44.20502208 201.8980214 44.20502208 0 P 0
L 200.69802126 17.99497036 202.09801846 17.99497036 0 P 0
L 200.69802126 21.80497036 202.09801846 21.80497036 0 P 0
L 200.69802634 51.69502234 202.09802354 51.69502234 0 P 0
L 200.69802634 55.50502234 202.09802354 55.50502234 0 P 0
L 200.79802614 6.79496482 202.19802334 6.79496482 0 P 0
L 200.79802614 10.60496482 202.19802334 10.60496482 0 P 0
L 200.8980234 28.29502342 200.8980234 29.69502062 0 P 0
L 200.8980234 32.10502342 200.8980234 33.50502062 0 P 0
L 201.1980228 39.69502348 201.1980228 41.09502068 0 P 0
L 201.1980228 43.50502348 201.1980228 44.90502068 0 P 0
L 201.39801986 17.29497176 201.39801986 18.69496896 0 P 0
L 201.39801986 21.10497176 201.39801986 22.50496896 0 P 0
L 201.39802494 50.99502374 201.39802494 52.39502094 0 P 0
L 201.39802494 54.80502374 201.39802494 56.20502094 0 P 0
L 201.49802474 6.09496622 201.49802474 7.49496342 0 P 0
L 201.49802474 9.90496622 201.49802474 11.30496342 0 P 0
