UNITS=MM
#Layer_Color=32768
#
#Feature symbol names
#
$0 r49.9999
$1 r99.9998
$2 r199.9996

#
#Feature attribute names
#

#
#Layer features
#
L 3.0509972 6.77500296 3.0509972 16.42700296 2 P 0
L 3.0509972 6.77500296 13.3379972 6.77500296 2 P 0
L 3.0509972 16.42700296 13.3379972 16.42700296 2 P 0
L 3.3140015 16.8789985 3.3140015 26.5309985 2 P 0
L 3.3140015 16.8789985 13.6010015 16.8789985 2 P 0
L 3.3140015 26.5309985 13.6010015 26.5309985 2 P 0
L 3.43900252 26.97899862 3.43900252 36.63099862 2 P 0
L 3.43900252 26.97899862 13.72600252 26.97899862 2 P 0
L 3.43900252 36.63099862 13.72600252 36.63099862 2 P 0
L 3.45099894 37.27500038 3.45099894 46.92700038 2 P 0
L 3.45099894 37.27500038 13.73799894 37.27500038 2 P 0
L 3.45099894 46.92700038 13.73799894 46.92700038 2 P 0
L 3.64600236 47.22299928 3.64600236 56.87499928 2 P 0
L 3.64600236 47.22299928 13.93300236 47.22299928 2 P 0
L 3.64600236 56.87499928 13.93300236 56.87499928 2 P 0
L 7.4959972 11.60100296 8.7659972 11.60100296 2 P 0
L 7.7590015 21.7049985 9.0290015 21.7049985 2 P 0
L 7.88400252 31.80499862 9.15400252 31.80499862 2 P 0
L 7.89599894 42.10100038 9.16599894 42.10100038 2 P 0
L 8.09100236 52.04899928 9.36100236 52.04899928 2 P 0
L 8.1309972 10.96600296 8.1309972 12.23600296 2 P 0
L 8.3940015 21.0699985 8.3940015 22.3399985 2 P 0
L 8.51900252 31.16999862 8.51900252 32.43999862 2 P 0
L 8.53099894 41.46600038 8.53099894 42.73600038 2 P 0
L 8.72600236 51.41399928 8.72600236 52.68399928 2 P 0
L 13.3379972 6.77500296 13.3379972 16.42700296 2 P 0
L 13.6010015 16.8789985 13.6010015 26.5309985 2 P 0
L 13.72600252 26.97899862 13.72600252 36.63099862 2 P 0
L 13.73799894 37.27500038 13.73799894 46.92700038 2 P 0
L 13.93300236 47.22299928 13.93300236 56.87499928 2 P 0
L 17.46800164 31.40599764 17.46800164 33.10599932 0 P 0
L 17.46800164 31.40599764 20.46800072 31.40599764 0 P 0
L 17.46800164 33.10599932 20.46800072 33.10599932 0 P 0
L 17.47999806 41.7019994 17.47999806 43.40200108 0 P 0
L 17.47999806 41.7019994 20.47999714 41.7019994 0 P 0
L 17.47999806 43.40200108 20.47999714 43.40200108 0 P 0
L 17.67500148 51.6499983 17.67500148 53.34999998 0 P 0
L 17.67500148 51.6499983 20.67500056 51.6499983 0 P 0
L 17.67500148 53.34999998 20.67500056 53.34999998 0 P 0
L 18.4730009 32.25599848 19.46300146 32.25599848 1 P 0
L 18.48499732 42.55200024 19.47499788 42.55200024 1 P 0
L 18.68000074 52.49999914 19.6700013 52.49999914 1 P 0
L 18.96800118 31.7609982 18.96800118 32.75099876 1 P 0
L 18.9799976 42.05699996 18.9799976 43.04700052 1 P 0
L 19.17500102 52.00499886 19.17500102 52.99499942 1 P 0
L 20.46800072 31.40599764 20.46800072 33.10599932 0 P 0
L 20.47999714 41.7019994 20.47999714 43.40200108 0 P 0
L 20.54300438 30.35599974 20.54300438 33.05599942 0 P 0
L 20.54300438 30.35599974 22.04300392 30.35599974 0 P 0
L 20.54300438 33.05599942 22.04300392 33.05599942 0 P 0
L 20.5550008 40.6520015 20.5550008 43.35200118 0 P 0
L 20.5550008 40.6520015 22.05500034 40.6520015 0 P 0
L 20.5550008 43.35200118 22.05500034 43.35200118 0 P 0
L 20.67500056 51.6499983 20.67500056 53.34999998 0 P 0
L 20.75000422 50.6000004 20.75000422 53.30000008 0 P 0
L 20.75000422 50.6000004 22.25000376 50.6000004 0 P 0
L 20.75000422 53.30000008 22.25000376 53.30000008 0 P 0
L 20.8180051 31.70599958 21.7680032 31.70599958 1 P 0
L 20.83000152 42.00200134 21.77999962 42.00200134 1 P 0
L 21.02500494 51.95000024 21.97500304 51.95000024 1 P 0
L 21.29300288 31.23099926 21.29300288 32.1809999 1 P 0
L 21.3049993 41.52700102 21.3049993 42.47700166 1 P 0
L 21.50000018 21.34999794 21.50000018 23.04999962 0 P 0
L 21.50000018 21.34999794 24.49999926 21.34999794 0 P 0
L 21.50000018 23.04999962 24.49999926 23.04999962 0 P 0
L 21.50000272 51.47499992 21.50000272 52.42500056 1 P 0
L 22.04300392 30.35599974 22.04300392 33.05599942 0 P 0
L 22.05500034 40.6520015 22.05500034 43.35200118 0 P 0
L 22.25000376 50.6000004 22.25000376 53.30000008 0 P 0
L 22.40000092 12.14999856 22.40000092 13.85000024 0 P 0
L 22.40000092 12.14999856 25.4 12.14999856 0 P 0
L 22.40000092 13.85000024 25.4 13.85000024 0 P 0
L 22.50499944 22.19999878 23.495 22.19999878 1 P 0
L 22.99999972 21.7049985 22.99999972 22.69499906 1 P 0
L 23.40500018 12.9999994 24.39500074 12.9999994 1 P 0
L 23.90000046 12.50499912 23.90000046 13.49499968 1 P 0
L 24.49999926 21.34999794 24.49999926 23.04999962 0 P 0
L 25.4 12.14999856 25.4 13.85000024 0 P 0
L 28.2549981 11.05200482 28.2549981 13.7520045 0 P 0
L 28.2549981 11.05200482 29.75499764 11.05200482 0 P 0
L 28.2549981 13.7520045 29.75499764 13.7520045 0 P 0
L 28.52999882 12.40200466 29.47999692 12.40200466 1 P 0
L 29.0049966 11.92700434 29.0049966 12.87700498 1 P 0
L 29.75499764 11.05200482 29.75499764 13.7520045 0 P 0
L 31.250001 21.25000068 31.250001 23.95000036 0 P 0
L 31.250001 21.25000068 32.75000054 21.25000068 0 P 0
L 31.250001 23.95000036 32.75000054 23.95000036 0 P 0
L 31.52500172 22.60000052 32.47499982 22.60000052 1 P 0
L 31.9999995 22.1250002 31.9999995 23.07500084 1 P 0
L 32.34799728 6.57600412 32.34799728 16.22800412 2 P 0
L 32.34799728 6.57600412 42.63499728 6.57600412 2 P 0
L 32.34799728 16.22800412 42.63499728 16.22800412 2 P 0
L 32.61100158 16.67999966 32.61100158 26.33199966 2 P 0
L 32.61100158 16.67999966 42.89800158 16.67999966 2 P 0
L 32.61100158 26.33199966 42.89800158 26.33199966 2 P 0
L 32.7360026 26.77999978 32.7360026 36.43199978 2 P 0
L 32.7360026 26.77999978 43.0230026 26.77999978 2 P 0
L 32.7360026 36.43199978 43.0230026 36.43199978 2 P 0
L 32.74799902 37.07600154 32.74799902 46.72800154 2 P 0
L 32.74799902 37.07600154 43.03499902 37.07600154 2 P 0
L 32.74799902 46.72800154 43.03499902 46.72800154 2 P 0
L 32.75000054 21.25000068 32.75000054 23.95000036 0 P 0
L 32.94300244 47.02400044 32.94300244 56.67600044 2 P 0
L 32.94300244 47.02400044 43.23000244 47.02400044 2 P 0
L 32.94300244 56.67600044 43.23000244 56.67600044 2 P 0
L 36.91999728 11.40200412 38.18999728 11.40200412 2 P 0
L 37.18300158 21.50599966 38.45300158 21.50599966 2 P 0
L 37.3080026 31.60599978 38.5780026 31.60599978 2 P 0
L 37.31999902 41.90200154 38.58999902 41.90200154 2 P 0
L 37.51500244 51.85000044 38.78500244 51.85000044 2 P 0
L 37.55499728 10.76700412 37.55499728 12.03700412 2 P 0
L 37.81800158 20.87099966 37.81800158 22.14099966 2 P 0
L 37.9430026 30.97099978 37.9430026 32.24099978 2 P 0
L 37.95499902 41.26700154 37.95499902 42.53700154 2 P 0
L 38.15000244 51.21500044 38.15000244 52.48500044 2 P 0
L 42.63499728 6.57600412 42.63499728 16.22800412 2 P 0
L 42.89800158 16.67999966 42.89800158 26.33199966 2 P 0
L 43.0230026 26.77999978 43.0230026 36.43199978 2 P 0
L 43.03499902 37.07600154 43.03499902 46.72800154 2 P 0
L 43.23000244 47.02400044 43.23000244 56.67600044 2 P 0
