UNITS=MM
#Layer_Color=16711935
#
#Feature symbol names
#
$0 r99.9998

#
#Feature attribute names
#

#
#Layer features
#
L 16.21199704 11.50100316 16.21199704 12.49100372 0 P 0
L 16.21199704 11.50100316 17.86199628 11.50100316 0 P 0
L 16.21199704 12.49100372 17.86199628 12.49100372 0 P 0
L 16.47500134 21.6049987 16.47500134 22.59499926 0 P 0
L 16.47500134 21.6049987 18.12500058 21.6049987 0 P 0
L 16.47500134 22.59499926 18.12500058 22.59499926 0 P 0
L 17.86199628 11.50100316 17.86199628 12.49100372 0 P 0
L 18.12500058 21.6049987 18.12500058 22.59499926 0 P 0
L 18.14300156 31.7609982 18.14300156 32.75099876 0 P 0
L 18.14300156 31.7609982 19.7930008 31.7609982 0 P 0
L 18.14300156 32.75099876 19.7930008 32.75099876 0 P 0
L 18.15499798 42.05699996 18.15499798 43.04700052 0 P 0
L 18.15499798 42.05699996 19.80499722 42.05699996 0 P 0
L 18.15499798 43.04700052 19.80499722 43.04700052 0 P 0
L 18.3500014 52.00499886 18.3500014 52.99499942 0 P 0
L 18.3500014 52.00499886 20.00000064 52.00499886 0 P 0
L 18.3500014 52.99499942 20.00000064 52.99499942 0 P 0
L 19.7930008 31.7609982 19.7930008 32.75099876 0 P 0
L 19.80499722 42.05699996 19.80499722 43.04700052 0 P 0
L 20.00000064 52.00499886 20.00000064 52.99499942 0 P 0
L 20.42999978 10.6270044 20.42999978 12.37700344 0 P 0
L 20.42999978 10.6270044 21.37999788 10.6270044 0 P 0
L 20.42999978 12.37700344 21.37999788 12.37700344 0 P 0
L 20.69300408 20.73099994 20.69300408 22.48099898 0 P 0
L 20.69300408 20.73099994 21.64300218 20.73099994 0 P 0
L 20.69300408 22.48099898 21.64300218 22.48099898 0 P 0
L 20.8180051 30.83100006 20.8180051 32.5809991 0 P 0
L 20.8180051 30.83100006 21.7680032 30.83100006 0 P 0
L 20.8180051 32.5809991 21.7680032 32.5809991 0 P 0
L 20.83000152 41.12700182 20.83000152 42.87700086 0 P 0
L 20.83000152 41.12700182 21.77999962 41.12700182 0 P 0
L 20.83000152 42.87700086 21.77999962 42.87700086 0 P 0
L 21.02500494 51.07500072 21.02500494 52.82499976 0 P 0
L 21.02500494 51.07500072 21.97500304 51.07500072 0 P 0
L 21.02500494 52.82499976 21.97500304 52.82499976 0 P 0
L 21.37999788 10.6270044 21.37999788 12.37700344 0 P 0
L 21.64300218 20.73099994 21.64300218 22.48099898 0 P 0
L 21.7680032 30.83100006 21.7680032 32.5809991 0 P 0
L 21.77999962 41.12700182 21.77999962 42.87700086 0 P 0
L 21.97500304 51.07500072 21.97500304 52.82499976 0 P 0
L 22.67999782 42.05699996 22.67999782 43.04700052 0 P 0
L 22.67999782 42.05699996 24.32999706 42.05699996 0 P 0
L 22.67999782 43.04700052 24.32999706 43.04700052 0 P 0
L 22.87500124 52.00499886 22.87500124 52.99499942 0 P 0
L 22.87500124 52.00499886 24.52500048 52.00499886 0 P 0
L 22.87500124 52.99499942 24.52500048 52.99499942 0 P 0
L 24.32999706 42.05699996 24.32999706 43.04700052 0 P 0
L 24.52500048 52.00499886 24.52500048 52.99499942 0 P 0
L 26.65000004 21.6049987 26.65000004 22.59499926 0 P 0
L 26.65000004 21.6049987 28.29999928 21.6049987 0 P 0
L 26.65000004 22.59499926 28.29999928 22.59499926 0 P 0
L 26.77500106 31.70499882 26.77500106 32.69499938 0 P 0
L 26.77500106 31.70499882 28.4250003 31.70499882 0 P 0
L 26.77500106 32.69499938 28.4250003 32.69499938 0 P 0
L 28.29999928 21.6049987 28.29999928 22.59499926 0 P 0
L 28.4250003 31.70499882 28.4250003 32.69499938 0 P 0
L 29.57500054 12.60499892 29.57500054 13.59499948 0 P 0
L 29.57500054 12.60499892 31.22499978 12.60499892 0 P 0
L 29.57500054 13.59499948 31.22499978 13.59499948 0 P 0
L 31.22499978 12.60499892 31.22499978 13.59499948 0 P 0
L 58.5050011 11.30000026 58.5050011 12.9499995 0 P 0
L 58.5050011 11.30000026 59.49500166 11.30000026 0 P 0
L 58.5050011 12.9499995 59.49500166 12.9499995 0 P 0
L 58.5050011 22.04999908 58.5050011 23.69999832 0 P 0
L 58.5050011 22.04999908 59.49500166 22.04999908 0 P 0
L 58.5050011 23.69999832 59.49500166 23.69999832 0 P 0
L 58.5050011 33.04999994 58.5050011 34.69999918 0 P 0
L 58.5050011 33.04999994 59.49500166 33.04999994 0 P 0
L 58.5050011 34.69999918 59.49500166 34.69999918 0 P 0
L 59.49500166 11.30000026 59.49500166 12.9499995 0 P 0
L 59.49500166 22.04999908 59.49500166 23.69999832 0 P 0
L 59.49500166 33.04999994 59.49500166 34.69999918 0 P 0
L 60.30000132 42.50500008 60.30000132 43.49500064 0 P 0
L 60.30000132 42.50500008 61.95000056 42.50500008 0 P 0
L 60.30000132 43.49500064 61.95000056 43.49500064 0 P 0
L 60.554997 53.42999982 60.554997 54.42000038 0 P 0
L 60.554997 53.42999982 62.20499624 53.42999982 0 P 0
L 60.554997 54.42000038 62.20499624 54.42000038 0 P 0
L 61.95000056 42.50500008 61.95000056 43.49500064 0 P 0
L 62.20499624 53.42999982 62.20499624 54.42000038 0 P 0
L 62.9700036 42.74199986 62.9700036 44.4919989 0 P 0
L 62.9700036 42.74199986 63.9200017 42.74199986 0 P 0
L 62.9700036 44.4919989 63.9200017 44.4919989 0 P 0
L 63.02499968 10.79199772 63.02499968 12.54199676 0 P 0
L 63.02499968 10.79199772 63.97499778 10.79199772 0 P 0
L 63.02499968 12.54199676 63.97499778 12.54199676 0 P 0
L 63.02499968 21.54199654 63.02499968 23.29199558 0 P 0
L 63.02499968 21.54199654 63.97499778 21.54199654 0 P 0
L 63.02499968 23.29199558 63.97499778 23.29199558 0 P 0
L 63.02499968 32.5419974 63.02499968 34.29199644 0 P 0
L 63.02499968 32.5419974 63.97499778 32.5419974 0 P 0
L 63.02499968 34.29199644 63.97499778 34.29199644 0 P 0
L 63.23000054 52.50000168 63.23000054 54.25000072 0 P 0
L 63.23000054 52.50000168 64.17999864 52.50000168 0 P 0
L 63.23000054 54.25000072 64.17999864 54.25000072 0 P 0
L 63.9200017 42.74199986 63.9200017 44.4919989 0 P 0
L 63.97499778 10.79199772 63.97499778 12.54199676 0 P 0
L 63.97499778 21.54199654 63.97499778 23.29199558 0 P 0
L 63.97499778 32.5419974 63.97499778 34.29199644 0 P 0
L 64.17999864 52.50000168 64.17999864 54.25000072 0 P 0
L 64.82500116 42.50500008 64.82500116 43.49500064 0 P 0
L 64.82500116 42.50500008 66.4750004 42.50500008 0 P 0
L 64.82500116 43.49500064 66.4750004 43.49500064 0 P 0
L 64.87999724 32.30499762 64.87999724 33.29499818 0 P 0
L 64.87999724 32.30499762 66.52999648 32.30499762 0 P 0
L 64.87999724 33.29499818 66.52999648 33.29499818 0 P 0
L 65.07999684 53.42999982 65.07999684 54.42000038 0 P 0
L 65.07999684 53.42999982 66.72999608 53.42999982 0 P 0
L 65.07999684 54.42000038 66.72999608 54.42000038 0 P 0
L 66.4750004 42.50500008 66.4750004 43.49500064 0 P 0
L 66.52999648 32.30499762 66.52999648 33.29499818 0 P 0
L 66.72999608 53.42999982 66.72999608 54.42000038 0 P 0
L 70.10999948 10.89999852 70.10999948 12.54999776 0 P 0
L 70.10999948 10.89999852 71.10000004 10.89999852 0 P 0
L 70.10999948 12.54999776 71.10000004 12.54999776 0 P 0
L 70.10999948 21.64999734 70.10999948 23.29999658 0 P 0
L 70.10999948 21.64999734 71.10000004 21.64999734 0 P 0
L 70.10999948 23.29999658 71.10000004 23.29999658 0 P 0
L 71.10000004 10.89999852 71.10000004 12.54999776 0 P 0
L 71.10000004 21.64999734 71.10000004 23.29999658 0 P 0
L 99.70499744 28.575 99.70499744 30.22499924 0 P 0
L 99.70499744 28.575 100.694998 28.575 0 P 0
L 99.70499744 30.22499924 100.694998 30.22499924 0 P 0
L 100.20499898 5.92284058 100.20499898 7.57283982 0 P 0
L 100.20499898 5.92284058 101.19499954 5.92284058 0 P 0
L 100.20499898 7.57283982 101.19499954 7.57283982 0 P 0
L 100.20499898 17.92283944 100.20499898 19.57283868 0 P 0
L 100.20499898 17.92283944 101.19499954 17.92283944 0 P 0
L 100.20499898 19.57283868 101.19499954 19.57283868 0 P 0
L 100.694998 28.575 100.694998 30.22499924 0 P 0
L 101.19499954 5.92284058 101.19499954 7.57283982 0 P 0
L 101.19499954 17.92283944 101.19499954 19.57283868 0 P 0
L 101.20499952 42.67500228 101.20499952 44.32500152 0 P 0
L 101.20499952 42.67500228 102.19500008 42.67500228 0 P 0
L 101.20499952 44.32500152 102.19500008 44.32500152 0 P 0
L 101.34699822 52.5170019 101.34699822 54.16700114 0 P 0
L 101.34699822 52.5170019 102.33699878 52.5170019 0 P 0
L 101.34699822 54.16700114 102.33699878 54.16700114 0 P 0
L 102.19500008 42.67500228 102.19500008 44.32500152 0 P 0
L 102.33699878 52.5170019 102.33699878 54.16700114 0 P 0
L 106.18300074 28.5410021 106.18300074 30.29100114 0 P 0
L 106.18300074 28.5410021 107.13299884 28.5410021 0 P 0
L 106.18300074 30.29100114 107.13299884 30.29100114 0 P 0
L 106.18300074 38.08299978 106.18300074 39.83299882 0 P 0
L 106.18300074 38.08299978 107.13299884 38.08299978 0 P 0
L 106.18300074 39.83299882 107.13299884 39.83299882 0 P 0
L 106.32499944 47.9249994 106.32499944 49.67499844 0 P 0
L 106.32499944 47.9249994 107.27499754 47.9249994 0 P 0
L 106.32499944 49.67499844 107.27499754 49.67499844 0 P 0
L 106.68300228 5.88884268 106.68300228 7.63884172 0 P 0
L 106.68300228 5.88884268 107.63300038 5.88884268 0 P 0
L 106.68300228 7.63884172 107.63300038 7.63884172 0 P 0
L 106.68300228 17.88884154 106.68300228 19.63884058 0 P 0
L 106.68300228 17.88884154 107.63300038 17.88884154 0 P 0
L 106.68300228 19.63884058 107.63300038 19.63884058 0 P 0
L 107.13299884 28.5410021 107.13299884 30.29100114 0 P 0
L 107.13299884 38.08299978 107.13299884 39.83299882 0 P 0
L 107.27499754 47.9249994 107.27499754 49.67499844 0 P 0
L 107.63300038 5.88884268 107.63300038 7.63884172 0 P 0
L 107.63300038 17.88884154 107.63300038 19.63884058 0 P 0
L 112.9519966 52.11700016 112.9519966 53.7669994 0 P 0
L 112.9519966 52.11700016 113.94199716 52.11700016 0 P 0
L 112.9519966 53.7669994 113.94199716 53.7669994 0 P 0
L 113.94199716 52.11700016 113.94199716 53.7669994 0 P 0
L 116.10499766 32.43300092 116.10499766 34.08300016 0 P 0
L 116.10499766 32.43300092 117.09499822 32.43300092 0 P 0
L 116.10499766 34.08300016 117.09499822 34.08300016 0 P 0
L 116.10499766 41.9749986 116.10499766 43.62499784 0 P 0
L 116.10499766 41.9749986 117.09499822 41.9749986 0 P 0
L 116.10499766 43.62499784 117.09499822 43.62499784 0 P 0
L 116.6049992 9.7808415 116.6049992 11.43084074 0 P 0
L 116.6049992 9.7808415 117.59499976 9.7808415 0 P 0
L 116.6049992 11.43084074 117.59499976 11.43084074 0 P 0
L 116.6049992 21.78084036 116.6049992 23.4308396 0 P 0
L 116.6049992 21.78084036 117.59499976 21.78084036 0 P 0
L 116.6049992 23.4308396 117.59499976 23.4308396 0 P 0
L 117.09499822 32.43300092 117.09499822 34.08300016 0 P 0
L 117.09499822 41.9749986 117.09499822 43.62499784 0 P 0
L 117.59499976 9.7808415 117.59499976 11.43084074 0 P 0
L 117.59499976 21.78084036 117.59499976 23.4308396 0 P 0
L 140.94699522 5.92799932 140.94699522 7.57799856 0 P 0
L 140.94699522 5.92799932 141.93699578 5.92799932 0 P 0
L 140.94699522 7.57799856 141.93699578 7.57799856 0 P 0
L 141.14699482 17.72799858 141.14699482 19.37799782 0 P 0
L 141.14699482 17.72799858 142.13699538 17.72799858 0 P 0
L 141.14699482 19.37799782 142.13699538 19.37799782 0 P 0
L 141.14699482 27.7279989 141.14699482 29.37799814 0 P 0
L 141.14699482 27.7279989 142.13699538 27.7279989 0 P 0
L 141.14699482 29.37799814 142.13699538 29.37799814 0 P 0
L 141.14699482 37.72799922 141.14699482 39.37799846 0 P 0
L 141.14699482 37.72799922 142.13699538 37.72799922 0 P 0
L 141.14699482 39.37799846 142.13699538 39.37799846 0 P 0
L 141.14699482 47.72799954 141.14699482 49.37799878 0 P 0
L 141.14699482 47.72799954 142.13699538 47.72799954 0 P 0
L 141.14699482 49.37799878 142.13699538 49.37799878 0 P 0
L 141.93699578 5.92799932 141.93699578 7.57799856 0 P 0
L 142.13699538 17.72799858 142.13699538 19.37799782 0 P 0
L 142.13699538 27.7279989 142.13699538 29.37799814 0 P 0
L 142.13699538 37.72799922 142.13699538 39.37799846 0 P 0
L 142.13699538 47.72799954 142.13699538 49.37799878 0 P 0
L 147.42499852 5.89400142 147.42499852 7.64400046 0 P 0
L 147.42499852 5.89400142 148.37499662 5.89400142 0 P 0
L 147.42499852 7.64400046 148.37499662 7.64400046 0 P 0
L 147.62499812 17.69400068 147.62499812 19.44399972 0 P 0
L 147.62499812 17.69400068 148.57499622 17.69400068 0 P 0
L 147.62499812 19.44399972 148.57499622 19.44399972 0 P 0
L 147.62499812 27.694001 147.62499812 29.44400004 0 P 0
L 147.62499812 27.694001 148.57499622 27.694001 0 P 0
L 147.62499812 29.44400004 148.57499622 29.44400004 0 P 0
L 147.62499812 37.69400132 147.62499812 39.44400036 0 P 0
L 147.62499812 37.69400132 148.57499622 37.69400132 0 P 0
L 147.62499812 39.44400036 148.57499622 39.44400036 0 P 0
L 147.62499812 47.69400164 147.62499812 49.44400068 0 P 0
L 147.62499812 47.69400164 148.57499622 47.69400164 0 P 0
L 147.62499812 49.44400068 148.57499622 49.44400068 0 P 0
L 148.37499662 5.89400142 148.37499662 7.64400046 0 P 0
L 148.57499622 17.69400068 148.57499622 19.44399972 0 P 0
L 148.57499622 27.694001 148.57499622 29.44400004 0 P 0
L 148.57499622 37.69400132 148.57499622 39.44400036 0 P 0
L 148.57499622 47.69400164 148.57499622 49.44400068 0 P 0
L 157.34699544 9.78600024 157.34699544 11.43599948 0 P 0
L 157.34699544 9.78600024 158.336996 9.78600024 0 P 0
L 157.34699544 11.43599948 158.336996 11.43599948 0 P 0
L 157.54699504 21.5859995 157.54699504 23.23599874 0 P 0
L 157.54699504 21.5859995 158.5369956 21.5859995 0 P 0
L 157.54699504 23.23599874 158.5369956 23.23599874 0 P 0
L 157.54699504 31.58599982 157.54699504 33.23599906 0 P 0
L 157.54699504 31.58599982 158.5369956 31.58599982 0 P 0
L 157.54699504 33.23599906 158.5369956 33.23599906 0 P 0
L 157.54699504 41.58600014 157.54699504 43.23599938 0 P 0
L 157.54699504 41.58600014 158.5369956 41.58600014 0 P 0
L 157.54699504 43.23599938 158.5369956 43.23599938 0 P 0
L 157.54699504 51.58600046 157.54699504 53.2359997 0 P 0
L 157.54699504 51.58600046 158.5369956 51.58600046 0 P 0
L 157.54699504 53.2359997 158.5369956 53.2359997 0 P 0
L 158.336996 9.78600024 158.336996 11.43599948 0 P 0
L 158.5369956 21.5859995 158.5369956 23.23599874 0 P 0
L 158.5369956 31.58599982 158.5369956 33.23599906 0 P 0
L 158.5369956 41.58600014 158.5369956 43.23599938 0 P 0
L 158.5369956 51.58600046 158.5369956 53.2359997 0 P 0
