UNITS=MM
#Layer_Color=9474304
#
#Feature symbol names
#
$0 r127

#
#Feature attribute names
#

#
#Layer features
#
L 10.7329986 9.69600296 12.1329958 9.69600296 0 P 0
L 10.7329986 13.50600296 12.1329958 13.50600296 0 P 0
L 10.9960029 19.7999985 12.3960001 19.7999985 0 P 0
L 10.9960029 23.6099985 12.3960001 23.6099985 0 P 0
L 11.12100392 29.89999862 12.52100112 29.89999862 0 P 0
L 11.12100392 33.70999862 12.52100112 33.70999862 0 P 0
L 11.13300034 40.19600038 12.53299754 40.19600038 0 P 0
L 11.13300034 44.00600038 12.53299754 44.00600038 0 P 0
L 11.32800376 50.14399928 12.72800096 50.14399928 0 P 0
L 11.32800376 53.95399928 12.72800096 53.95399928 0 P 0
L 11.4329972 8.99600436 11.4329972 10.39600156 0 P 0
L 11.4329972 12.80600436 11.4329972 14.20600156 0 P 0
L 11.6960015 19.0999999 11.6960015 20.4999971 0 P 0
L 11.6960015 22.9099999 11.6960015 24.3099971 0 P 0
L 11.82100252 29.20000002 11.82100252 30.59999722 0 P 0
L 11.82100252 33.01000002 11.82100252 34.40999722 0 P 0
L 11.83299894 39.49600178 11.83299894 40.89599898 0 P 0
L 11.83299894 43.30600178 11.83299894 44.70599898 0 P 0
L 12.02800236 49.44400068 12.02800236 50.84399788 0 P 0
L 12.02800236 53.25400068 12.02800236 54.65399788 0 P 0
L 20.83240436 27.70399844 21.54360436 27.70399844 0 P 0
L 20.84440078 38.0000002 21.55560078 38.0000002 0 P 0
L 21.14440018 49.79999946 21.85560018 49.79999946 0 P 0
L 21.18800436 27.34839844 21.18800436 28.05959844 0 P 0
L 21.20000078 37.6444002 21.20000078 38.3556002 0 P 0
L 21.50000018 49.44439946 21.50000018 50.15559946 0 P 0
L 28.54439808 8.40000352 29.25559808 8.40000352 0 P 0
L 28.89999808 8.04440352 28.89999808 8.75560352 0 P 0
L 29.64440096 20.39999984 30.35560096 20.39999984 0 P 0
L 30.00000096 20.04439984 30.00000096 20.75559984 0 P 0
L 33.55299868 9.49700412 34.95299588 9.49700412 0 P 0
L 33.55299868 13.30700412 34.95299588 13.30700412 0 P 0
L 33.81600298 19.60099966 35.21600018 19.60099966 0 P 0
L 33.81600298 23.41099966 35.21600018 23.41099966 0 P 0
L 33.941004 29.70099978 35.3410012 29.70099978 0 P 0
L 33.941004 33.51099978 35.3410012 33.51099978 0 P 0
L 33.95300042 39.99700154 35.35299762 39.99700154 0 P 0
L 33.95300042 43.80700154 35.35299762 43.80700154 0 P 0
L 34.14800384 49.94500044 35.54800104 49.94500044 0 P 0
L 34.14800384 53.75500044 35.54800104 53.75500044 0 P 0
L 34.25299728 8.79700552 34.25299728 10.19700272 0 P 0
L 34.25299728 12.60700552 34.25299728 14.00700272 0 P 0
L 34.51600158 18.90100106 34.51600158 20.30099826 0 P 0
L 34.51600158 22.71100106 34.51600158 24.11099826 0 P 0
L 34.6410026 29.00100118 34.6410026 30.40099838 0 P 0
L 34.6410026 32.81100118 34.6410026 34.21099838 0 P 0
L 34.65299902 39.29700294 34.65299902 40.69700014 0 P 0
L 34.65299902 43.10700294 34.65299902 44.50700014 0 P 0
L 34.84800244 49.24500184 34.84800244 50.64499904 0 P 0
L 34.84800244 53.05500184 34.84800244 54.45499904 0 P 0
L 53.27800368 40.6440005 54.67800088 40.6440005 0 P 0
L 53.27800368 44.4540005 54.67800088 44.4540005 0 P 0
L 53.33299976 8.69399836 54.73299696 8.69399836 0 P 0
L 53.33299976 12.50399836 54.73299696 12.50399836 0 P 0
L 53.33299976 19.44399718 54.73299696 19.44399718 0 P 0
L 53.33299976 23.25399718 54.73299696 23.25399718 0 P 0
L 53.33299976 30.44399804 54.73299696 30.44399804 0 P 0
L 53.33299976 34.25399804 54.73299696 34.25399804 0 P 0
L 53.53299936 51.56900024 54.93299656 51.56900024 0 P 0
L 53.53299936 55.37900024 54.93299656 55.37900024 0 P 0
L 53.97800228 39.9440019 53.97800228 41.3439991 0 P 0
L 53.97800228 43.7540019 53.97800228 45.1539991 0 P 0
L 54.03299836 7.99399976 54.03299836 9.39399696 0 P 0
L 54.03299836 11.80399976 54.03299836 13.20399696 0 P 0
L 54.03299836 18.74399858 54.03299836 20.14399578 0 P 0
L 54.03299836 22.55399858 54.03299836 23.95399578 0 P 0
L 54.03299836 29.74399944 54.03299836 31.14399664 0 P 0
L 54.03299836 33.55399944 54.03299836 34.95399664 0 P 0
L 54.23299796 50.86900164 54.23299796 52.26899884 0 P 0
L 54.23299796 54.67900164 54.23299796 56.07899884 0 P 0
L 61.64440046 52.00000014 62.35560046 52.00000014 0 P 0
L 62.00000046 51.64440014 62.00000046 52.35560014 0 P 0
L 64.84440168 52.09999994 65.55560168 52.09999994 0 P 0
L 65.20000168 51.74439994 65.20000168 52.45559994 0 P 0
L 66.089403 48.71699934 66.800603 48.71699934 0 P 0
L 66.445003 48.36139934 66.445003 49.07259934 0 P 0
L 69.4444001 12.89799554 70.1556001 12.89799554 0 P 0
L 69.8000001 12.54239554 69.8000001 13.25359554 0 P 0
L 70.44440064 35.90000186 71.15560064 35.90000186 0 P 0
L 70.80000064 35.54440186 70.80000064 36.25560186 0 P 0
L 71.24440158 14.09799568 71.95560158 14.09799568 0 P 0
L 71.60000158 13.74239568 71.60000158 14.45359568 0 P 0
L 72.94440072 26.40000054 73.65560072 26.40000054 0 P 0
L 73.24440012 12.39799654 73.95560012 12.39799654 0 P 0
L 73.30000072 26.04440054 73.30000072 26.75560054 0 P 0
L 73.60000012 12.04239654 73.60000012 12.75359654 0 P 0
L 76.09800376 40.44500166 77.49800096 40.44500166 0 P 0
L 76.09800376 44.25500166 77.49800096 44.25500166 0 P 0
L 76.15299984 8.49499952 77.55299704 8.49499952 0 P 0
L 76.15299984 12.30499952 77.55299704 12.30499952 0 P 0
L 76.15299984 19.24499834 77.55299704 19.24499834 0 P 0
L 76.15299984 23.05499834 77.55299704 23.05499834 0 P 0
L 76.15299984 30.2449992 77.55299704 30.2449992 0 P 0
L 76.15299984 34.0549992 77.55299704 34.0549992 0 P 0
L 76.35299944 51.3700014 77.75299664 51.3700014 0 P 0
L 76.35299944 55.1800014 77.75299664 55.1800014 0 P 0
L 76.79800236 39.74500306 76.79800236 41.14500026 0 P 0
L 76.79800236 43.55500306 76.79800236 44.95500026 0 P 0
L 76.85299844 7.79500092 76.85299844 9.19499812 0 P 0
L 76.85299844 11.60500092 76.85299844 13.00499812 0 P 0
L 76.85299844 18.54499974 76.85299844 19.94499694 0 P 0
L 76.85299844 22.35499974 76.85299844 23.75499694 0 P 0
L 76.85299844 29.5450006 76.85299844 30.9449978 0 P 0
L 76.85299844 33.3550006 76.85299844 34.7549978 0 P 0
L 77.05299804 50.6700028 77.05299804 52.07 0 P 0
L 77.05299804 54.4800028 77.05299804 55.88 0 P 0
L 96.03299818 30.5270027 97.43299538 30.5270027 0 P 0
L 96.03299818 34.3370027 97.43299538 34.3370027 0 P 0
L 96.03299818 40.06900038 97.43299538 40.06900038 0 P 0
L 96.03299818 43.87900038 97.43299538 43.87900038 0 P 0
L 96.17499688 49.911 97.57499408 49.911 0 P 0
L 96.17499688 53.721 97.57499408 53.721 0 P 0
L 96.53299972 7.87484328 97.93299692 7.87484328 0 P 0
L 96.53299972 11.68484328 97.93299692 11.68484328 0 P 0
L 96.53299972 19.87484214 97.93299692 19.87484214 0 P 0
L 96.53299972 23.68484214 97.93299692 23.68484214 0 P 0
L 96.73299678 29.8270041 96.73299678 31.2270013 0 P 0
L 96.73299678 33.6370041 96.73299678 35.0370013 0 P 0
L 96.73299678 39.36900178 96.73299678 40.76899898 0 P 0
L 96.73299678 43.17900178 96.73299678 44.57899898 0 P 0
L 96.87499548 49.2110014 96.87499548 50.6109986 0 P 0
L 96.87499548 53.0210014 96.87499548 54.4209986 0 P 0
L 97.23299832 7.17484468 97.23299832 8.57484188 0 P 0
L 97.23299832 10.98484468 97.23299832 12.38484188 0 P 0
L 97.23299832 19.17484354 97.23299832 20.57484074 0 P 0
L 97.23299832 22.98484354 97.23299832 24.38484074 0 P 0
L 104.40240232 40.1889976 105.11360232 40.1889976 0 P 0
L 104.54440102 50.03099722 105.25560102 50.03099722 0 P 0
L 104.60240192 33.0470002 105.31360192 33.0470002 0 P 0
L 104.75800232 39.8333976 104.75800232 40.5445976 0 P 0
L 104.90000102 49.67539722 104.90000102 50.38659722 0 P 0
L 104.90240386 7.9948405 105.61360386 7.9948405 0 P 0
L 104.90240386 19.99483936 105.61360386 19.99483936 0 P 0
L 104.95800192 32.6914002 104.95800192 33.4026002 0 P 0
L 105.25800386 7.6392405 105.25800386 8.3504405 0 P 0
L 105.25800386 19.63923936 105.25800386 20.35043936 0 P 0
L 106.2024038 41.38899774 106.9136038 41.38899774 0 P 0
L 106.3444025 51.23099736 107.0556025 51.23099736 0 P 0
L 106.4024034 34.24700034 107.1136034 34.24700034 0 P 0
L 106.5580038 41.03339774 106.5580038 41.74459774 0 P 0
L 106.7000025 50.87539736 106.7000025 51.58659736 0 P 0
L 106.70240534 9.19484064 107.41360534 9.19484064 0 P 0
L 106.70240534 21.1948395 107.41360534 21.1948395 0 P 0
L 106.7580034 33.89140034 106.7580034 34.60260034 0 P 0
L 107.05800534 8.83924064 107.05800534 9.55044064 0 P 0
L 107.05800534 20.8392395 107.05800534 21.5504395 0 P 0
L 108.20240234 39.6889986 108.91360234 39.6889986 0 P 0
L 108.34440104 49.53099822 109.05560104 49.53099822 0 P 0
L 108.40240194 32.5470012 109.11360194 32.5470012 0 P 0
L 108.55800234 39.3333986 108.55800234 40.0445986 0 P 0
L 108.70000104 49.17539822 108.70000104 49.88659822 0 P 0
L 108.70240388 7.4948415 109.41360388 7.4948415 0 P 0
L 108.70240388 19.49484036 109.41360388 19.49484036 0 P 0
L 108.75800194 32.1914012 108.75800194 32.9026012 0 P 0
L 109.05800388 7.1392415 109.05800388 7.8504415 0 P 0
L 109.05800388 19.13924036 109.05800388 19.85044036 0 P 0
L 118.85299826 30.32800386 120.25299546 30.32800386 0 P 0
L 118.85299826 34.13800386 120.25299546 34.13800386 0 P 0
L 118.85299826 39.87000154 120.25299546 39.87000154 0 P 0
L 118.85299826 43.68000154 120.25299546 43.68000154 0 P 0
L 118.99499696 49.71200116 120.39499416 49.71200116 0 P 0
L 118.99499696 53.52200116 120.39499416 53.52200116 0 P 0
L 119.3529998 7.67584444 120.752997 7.67584444 0 P 0
L 119.3529998 11.48584444 120.752997 11.48584444 0 P 0
L 119.3529998 19.6758433 120.752997 19.6758433 0 P 0
L 119.3529998 23.4858433 120.752997 23.4858433 0 P 0
L 119.55299686 29.62800526 119.55299686 31.02800246 0 P 0
L 119.55299686 33.43800526 119.55299686 34.83800246 0 P 0
L 119.55299686 39.17000294 119.55299686 40.57000014 0 P 0
L 119.55299686 42.98000294 119.55299686 44.38000014 0 P 0
L 119.69499556 49.01200256 119.69499556 50.41199976 0 P 0
L 119.69499556 52.82200256 119.69499556 54.22199976 0 P 0
L 120.0529984 6.97584584 120.0529984 8.37584304 0 P 0
L 120.0529984 10.78584584 120.0529984 12.18584304 0 P 0
L 120.0529984 18.9758447 120.0529984 20.3758419 0 P 0
L 120.0529984 22.7858447 120.0529984 24.1858419 0 P 0
L 137.27499596 7.88000202 138.67499316 7.88000202 0 P 0
L 137.27499596 11.69000202 138.67499316 11.69000202 0 P 0
L 137.47499556 19.68000128 138.87499276 19.68000128 0 P 0
L 137.47499556 23.49000128 138.87499276 23.49000128 0 P 0
L 137.47499556 29.6800016 138.87499276 29.6800016 0 P 0
L 137.47499556 33.4900016 138.87499276 33.4900016 0 P 0
L 137.47499556 39.68000192 138.87499276 39.68000192 0 P 0
L 137.47499556 43.49000192 138.87499276 43.49000192 0 P 0
L 137.47499556 49.68000224 138.87499276 49.68000224 0 P 0
L 137.47499556 53.49000224 138.87499276 53.49000224 0 P 0
L 137.97499456 7.18000342 137.97499456 8.58000062 0 P 0
L 137.97499456 10.99000342 137.97499456 12.39000062 0 P 0
L 138.17499416 18.98000268 138.17499416 20.37999988 0 P 0
L 138.17499416 22.79000268 138.17499416 24.18999988 0 P 0
L 138.17499416 28.980003 138.17499416 30.3800002 0 P 0
L 138.17499416 32.790003 138.17499416 34.1900002 0 P 0
L 138.17499416 38.98000332 138.17499416 40.38000052 0 P 0
L 138.17499416 42.79000332 138.17499416 44.19000052 0 P 0
L 138.17499416 48.98000364 138.17499416 50.38000084 0 P 0
L 138.17499416 52.79000364 138.17499416 54.19000084 0 P 0
L 145.8443997 19.7999985 146.5555997 19.7999985 0 P 0
L 145.8443997 29.79999882 146.5555997 29.79999882 0 P 0
L 145.8443997 49.79999946 146.5555997 49.79999946 0 P 0
L 146.1999997 19.4443985 146.1999997 20.1555985 0 P 0
L 146.1999997 29.44439882 146.1999997 30.15559882 0 P 0
L 146.1999997 49.44439946 146.1999997 50.15559946 0 P 0
L 147.64440118 20.99999864 148.35560118 20.99999864 0 P 0
L 147.64440118 30.99999896 148.35560118 30.99999896 0 P 0
L 147.64440118 50.9999996 148.35560118 50.9999996 0 P 0
L 148.00000118 20.64439864 148.00000118 21.35559864 0 P 0
L 148.00000118 30.64439896 148.00000118 31.35559896 0 P 0
L 148.00000118 50.6443996 148.00000118 51.3555996 0 P 0
L 149.64439972 19.2999995 150.35559972 19.2999995 0 P 0
L 149.64439972 29.29999982 150.35559972 29.29999982 0 P 0
L 149.64439972 49.30000046 150.35559972 49.30000046 0 P 0
L 149.99999972 18.9443995 149.99999972 19.6555995 0 P 0
L 149.99999972 28.94439982 149.99999972 29.65559982 0 P 0
L 149.99999972 48.94440046 149.99999972 49.65560046 0 P 0
L 154.19440332 11.60599914 154.90560332 11.60599914 0 P 0
L 154.37527672 9.83900242 155.08647672 9.83900242 0 P 0
L 154.55000332 11.25039914 154.55000332 11.96159914 0 P 0
L 154.73087672 9.48340242 154.73087672 10.19460242 0 P 0
L 155.84440002 40.89999948 156.55560002 40.89999948 0 P 0
L 156.20000002 40.54439948 156.20000002 41.25559948 0 P 0
L 156.34439902 44.6999995 157.05559902 44.6999995 0 P 0
L 156.69999902 44.3443995 156.69999902 45.0555995 0 P 0
L 157.54439916 42.89999802 158.25559916 42.89999802 0 P 0
L 157.89999916 42.54439802 157.89999916 43.25559802 0 P 0
L 160.09499604 7.68100318 161.49499324 7.68100318 0 P 0
L 160.09499604 11.49100318 161.49499324 11.49100318 0 P 0
L 160.29499564 19.48100244 161.69499284 19.48100244 0 P 0
L 160.29499564 23.29100244 161.69499284 23.29100244 0 P 0
L 160.29499564 29.48100276 161.69499284 29.48100276 0 P 0
L 160.29499564 33.29100276 161.69499284 33.29100276 0 P 0
L 160.29499564 39.48100308 161.69499284 39.48100308 0 P 0
L 160.29499564 43.29100308 161.69499284 43.29100308 0 P 0
L 160.29499564 49.4810034 161.69499284 49.4810034 0 P 0
L 160.29499564 53.2910034 161.69499284 53.2910034 0 P 0
L 160.79499464 6.98100458 160.79499464 8.38100178 0 P 0
L 160.79499464 10.79100458 160.79499464 12.19100178 0 P 0
L 160.99499424 18.78100384 160.99499424 20.18100104 0 P 0
L 160.99499424 22.59100384 160.99499424 23.99100104 0 P 0
L 160.99499424 28.78100416 160.99499424 30.18100136 0 P 0
L 160.99499424 32.59100416 160.99499424 33.99100136 0 P 0
L 160.99499424 38.78100448 160.99499424 40.18100168 0 P 0
L 160.99499424 42.59100448 160.99499424 43.99100168 0 P 0
L 160.99499424 48.7810048 160.99499424 50.181002 0 P 0
L 160.99499424 52.5910048 160.99499424 53.991002 0 P 0
