UNITS=MM
#Layer_Color=16711935
#
#Feature symbol names
#
$0 r99.9998

#
#Feature attribute names
#

#
#Layer features
#
L 15.27499866 31.72499878 15.27499866 32.67499942 0 P 0
L 15.27499866 31.72499878 17.02500024 31.72499878 0 P 0
L 15.27499866 32.67499942 17.02500024 32.67499942 0 P 0
L 16.1249995 41.02499796 16.1249995 42.77499954 0 P 0
L 16.1249995 41.02499796 17.07500014 41.02499796 0 P 0
L 16.1249995 42.77499954 17.07500014 42.77499954 0 P 0
L 16.1249995 51.12500062 16.1249995 52.8750022 0 P 0
L 16.1249995 51.12500062 17.07500014 51.12500062 0 P 0
L 16.1249995 52.8750022 17.07500014 52.8750022 0 P 0
L 17.02500024 31.72499878 17.02500024 32.67499942 0 P 0
L 17.07500014 41.02499796 17.07500014 42.77499954 0 P 0
L 17.07500014 51.12500062 17.07500014 52.8750022 0 P 0
L 18.12499804 21.8250008 18.12499804 22.77500144 0 P 0
L 18.12499804 21.8250008 19.87499962 21.8250008 0 P 0
L 18.12499804 22.77500144 19.87499962 22.77500144 0 P 0
L 18.14300156 31.7609982 18.14300156 32.75099876 0 P 0
L 18.14300156 31.7609982 19.7930008 31.7609982 0 P 0
L 18.14300156 32.75099876 19.7930008 32.75099876 0 P 0
L 18.15499798 42.05699996 18.15499798 43.04700052 0 P 0
L 18.15499798 42.05699996 19.80499722 42.05699996 0 P 0
L 18.15499798 43.04700052 19.80499722 43.04700052 0 P 0
L 18.3500014 52.00499886 18.3500014 52.99499942 0 P 0
L 18.3500014 52.00499886 20.00000064 52.00499886 0 P 0
L 18.3500014 52.99499942 20.00000064 52.99499942 0 P 0
L 19.7930008 31.7609982 19.7930008 32.75099876 0 P 0
L 19.80499722 42.05699996 19.80499722 43.04700052 0 P 0
L 19.82499718 14.42500036 19.82499718 15.375001 0 P 0
L 19.82499718 14.42500036 21.57499876 14.42500036 0 P 0
L 19.82499718 15.375001 21.57499876 15.375001 0 P 0
L 19.87499962 21.8250008 19.87499962 22.77500144 0 P 0
L 20.00000064 52.00499886 20.00000064 52.99499942 0 P 0
L 20.8180051 30.83100006 20.8180051 32.5809991 0 P 0
L 20.8180051 30.83100006 21.7680032 30.83100006 0 P 0
L 20.8180051 32.5809991 21.7680032 32.5809991 0 P 0
L 20.83000152 41.12700182 20.83000152 42.87700086 0 P 0
L 20.83000152 41.12700182 21.77999962 41.12700182 0 P 0
L 20.83000152 42.87700086 21.77999962 42.87700086 0 P 0
L 21.02500494 51.07500072 21.02500494 52.82499976 0 P 0
L 21.02500494 51.07500072 21.97500304 51.07500072 0 P 0
L 21.02500494 52.82499976 21.97500304 52.82499976 0 P 0
L 21.57499876 14.42500036 21.57499876 15.375001 0 P 0
L 21.7680032 30.83100006 21.7680032 32.5809991 0 P 0
L 21.77999962 41.12700182 21.77999962 42.87700086 0 P 0
L 21.97500304 51.07500072 21.97500304 52.82499976 0 P 0
L 22.1750001 21.7049985 22.1750001 22.69499906 0 P 0
L 22.1750001 21.7049985 23.82499934 21.7049985 0 P 0
L 22.1750001 22.69499906 23.82499934 22.69499906 0 P 0
L 23.07500084 12.50499912 23.07500084 13.49499968 0 P 0
L 23.07500084 12.50499912 24.72500008 12.50499912 0 P 0
L 23.07500084 13.49499968 24.72500008 13.49499968 0 P 0
L 23.82499934 21.7049985 23.82499934 22.69499906 0 P 0
L 24.72500008 12.50499912 24.72500008 13.49499968 0 P 0
L 28.52999882 11.52700514 28.52999882 13.27700418 0 P 0
L 28.52999882 11.52700514 29.47999692 11.52700514 0 P 0
L 28.52999882 13.27700418 29.47999692 13.27700418 0 P 0
L 29.47999692 11.52700514 29.47999692 13.27700418 0 P 0
L 31.52500172 21.725001 31.52500172 23.47500004 0 P 0
L 31.52500172 21.725001 32.47499982 21.725001 0 P 0
L 31.52500172 23.47500004 32.47499982 23.47500004 0 P 0
L 32.47499982 21.725001 32.47499982 23.47500004 0 P 0
L 57.12499878 51.12500062 57.12499878 52.07500126 0 P 0
L 57.12499878 51.12500062 58.87500036 51.12500062 0 P 0
L 57.12499878 52.07500126 58.87500036 52.07500126 0 P 0
L 58.02499698 19.02499878 58.02499698 19.97499942 0 P 0
L 58.02499698 19.02499878 59.77499856 19.02499878 0 P 0
L 58.02499698 19.97499942 59.77499856 19.97499942 0 P 0
L 58.87500036 51.12500062 58.87500036 52.07500126 0 P 0
L 59.77499856 19.02499878 59.77499856 19.97499942 0 P 0
L 60.00500064 23.87499924 60.00500064 25.52499848 0 P 0
L 60.00500064 23.87499924 60.9950012 23.87499924 0 P 0
L 60.00500064 25.52499848 60.9950012 25.52499848 0 P 0
L 60.22499766 39.82500036 60.22499766 40.775001 0 P 0
L 60.22499766 39.82500036 61.97499924 39.82500036 0 P 0
L 60.22499766 40.775001 61.97499924 40.775001 0 P 0
L 60.554997 53.42999982 60.554997 54.42000038 0 P 0
L 60.554997 53.42999982 62.20499624 53.42999982 0 P 0
L 60.554997 54.42000038 62.20499624 54.42000038 0 P 0
L 60.9950012 23.87499924 60.9950012 25.52499848 0 P 0
L 61.97499924 39.82500036 61.97499924 40.775001 0 P 0
L 62.20499624 53.42999982 62.20499624 54.42000038 0 P 0
L 62.20499878 10.47500064 62.20499878 12.12499988 0 P 0
L 62.20499878 10.47500064 63.19499934 10.47500064 0 P 0
L 62.20499878 12.12499988 63.19499934 12.12499988 0 P 0
L 63.19499934 10.47500064 63.19499934 12.12499988 0 P 0
L 63.2000006 45.40499936 63.2000006 46.39499992 0 P 0
L 63.2000006 45.40499936 64.84999984 45.40499936 0 P 0
L 63.2000006 46.39499992 64.84999984 46.39499992 0 P 0
L 63.23000054 52.50000168 63.23000054 54.25000072 0 P 0
L 63.23000054 52.50000168 64.17999864 52.50000168 0 P 0
L 63.23000054 54.25000072 64.17999864 54.25000072 0 P 0
L 63.52499868 29.6249979 63.52499868 31.37499948 0 P 0
L 63.52499868 29.6249979 64.47499932 29.6249979 0 P 0
L 63.52499868 31.37499948 64.47499932 31.37499948 0 P 0
L 64.17999864 52.50000168 64.17999864 54.25000072 0 P 0
L 64.47499932 29.6249979 64.47499932 31.37499948 0 P 0
L 64.84999984 45.40499936 64.84999984 46.39499992 0 P 0
L 65.87000288 45.64199914 65.87000288 47.39199818 0 P 0
L 65.87000288 45.64199914 66.82000098 45.64199914 0 P 0
L 65.87000288 47.39199818 66.82000098 47.39199818 0 P 0
L 66.60500014 31.37499948 66.60500014 33.02499872 0 P 0
L 66.60500014 31.37499948 67.5950007 31.37499948 0 P 0
L 66.60500014 33.02499872 67.5950007 33.02499872 0 P 0
L 66.82000098 45.64199914 66.82000098 47.39199818 0 P 0
L 67.5950007 31.37499948 67.5950007 33.02499872 0 P 0
L 68.0292518 7.5545696 68.0292518 9.30457118 0 P 0
L 68.0292518 7.5545696 68.97925244 7.5545696 0 P 0
L 68.0292518 9.30457118 68.97925244 9.30457118 0 P 0
L 68.97925244 7.5545696 68.97925244 9.30457118 0 P 0
L 70.22500052 32.82500166 70.22500052 34.5750007 0 P 0
L 70.22500052 32.82500166 71.17499862 32.82500166 0 P 0
L 70.22500052 34.5750007 71.17499862 34.5750007 0 P 0
L 71.17499862 32.82500166 71.17499862 34.5750007 0 P 0
L 71.22499852 10.79199772 71.22499852 12.54199676 0 P 0
L 71.22499852 10.79199772 72.17499662 10.79199772 0 P 0
L 71.22499852 12.54199676 72.17499662 12.54199676 0 P 0
L 72.17499662 10.79199772 72.17499662 12.54199676 0 P 0
L 72.7250006 23.32500034 72.7250006 25.07499938 0 P 0
L 72.7250006 23.32500034 73.6749987 23.32500034 0 P 0
L 72.7250006 25.07499938 73.6749987 25.07499938 0 P 0
L 73.6749987 23.32500034 73.6749987 25.07499938 0 P 0
L 99.52500034 42.8249969 99.52500034 44.57499848 0 P 0
L 99.52500034 42.8249969 100.47500098 42.8249969 0 P 0
L 99.52500034 44.57499848 100.47500098 44.57499848 0 P 0
L 99.82499974 27.27500006 99.82499974 29.02500164 0 P 0
L 99.82499974 27.27500006 100.77500038 27.27500006 0 P 0
L 99.82499974 29.02500164 100.77500038 29.02500164 0 P 0
L 100.20499898 5.92284058 100.20499898 7.57283982 0 P 0
L 100.20499898 5.92284058 101.19499954 5.92284058 0 P 0
L 100.20499898 7.57283982 101.19499954 7.57283982 0 P 0
L 100.20499898 17.92283944 100.20499898 19.57283868 0 P 0
L 100.20499898 17.92283944 101.19499954 17.92283944 0 P 0
L 100.20499898 19.57283868 101.19499954 19.57283868 0 P 0
L 100.22499894 22.02499786 100.22499894 23.77499944 0 P 0
L 100.22499894 22.02499786 101.17499958 22.02499786 0 P 0
L 100.22499894 23.77499944 101.17499958 23.77499944 0 P 0
L 100.32499874 1.82499762 100.32499874 3.5749992 0 P 0
L 100.32499874 1.82499762 101.27499938 1.82499762 0 P 0
L 100.32499874 3.5749992 101.27499938 3.5749992 0 P 0
L 100.47500098 42.8249969 100.47500098 44.57499848 0 P 0
L 100.52500088 52.22499842 100.52500088 53.975 0 P 0
L 100.52500088 52.22499842 101.47500152 52.22499842 0 P 0
L 100.52500088 53.975 101.47500152 53.975 0 P 0
L 100.77500038 27.27500006 100.77500038 29.02500164 0 P 0
L 101.17499958 22.02499786 101.17499958 23.77499944 0 P 0
L 101.19499954 5.92284058 101.19499954 7.57283982 0 P 0
L 101.19499954 17.92283944 101.19499954 19.57283868 0 P 0
L 101.20499952 42.67500228 101.20499952 44.32500152 0 P 0
L 101.20499952 42.67500228 102.19500008 42.67500228 0 P 0
L 101.20499952 44.32500152 102.19500008 44.32500152 0 P 0
L 101.27499938 1.82499762 101.27499938 3.5749992 0 P 0
L 101.47500152 52.22499842 101.47500152 53.975 0 P 0
L 102.19500008 42.67500228 102.19500008 44.32500152 0 P 0
L 103.00499846 28.54999878 103.00499846 30.19999802 0 P 0
L 103.00499846 28.54999878 103.99499902 28.54999878 0 P 0
L 103.00499846 30.19999802 103.99499902 30.19999802 0 P 0
L 103.99499902 28.54999878 103.99499902 30.19999802 0 P 0
L 106.18300074 38.08299978 106.18300074 39.83299882 0 P 0
L 106.18300074 38.08299978 107.13299884 38.08299978 0 P 0
L 106.18300074 39.83299882 107.13299884 39.83299882 0 P 0
L 106.32499944 47.9249994 106.32499944 49.67499844 0 P 0
L 106.32499944 47.9249994 107.27499754 47.9249994 0 P 0
L 106.32499944 49.67499844 107.27499754 49.67499844 0 P 0
L 106.38300034 30.94100238 106.38300034 32.69100142 0 P 0
L 106.38300034 30.94100238 107.33299844 30.94100238 0 P 0
L 106.38300034 32.69100142 107.33299844 32.69100142 0 P 0
L 106.68300228 5.88884268 106.68300228 7.63884172 0 P 0
L 106.68300228 5.88884268 107.63300038 5.88884268 0 P 0
L 106.68300228 7.63884172 107.63300038 7.63884172 0 P 0
L 106.68300228 17.88884154 106.68300228 19.63884058 0 P 0
L 106.68300228 17.88884154 107.63300038 17.88884154 0 P 0
L 106.68300228 19.63884058 107.63300038 19.63884058 0 P 0
L 107.13299884 38.08299978 107.13299884 39.83299882 0 P 0
L 107.27499754 47.9249994 107.27499754 49.67499844 0 P 0
L 107.33299844 30.94100238 107.33299844 32.69100142 0 P 0
L 107.63300038 5.88884268 107.63300038 7.63884172 0 P 0
L 107.63300038 17.88884154 107.63300038 19.63884058 0 P 0
L 116.0050004 54.47500154 116.0050004 56.12500078 0 P 0
L 116.0050004 54.47500154 116.99500096 54.47500154 0 P 0
L 116.0050004 56.12500078 116.99500096 56.12500078 0 P 0
L 116.99500096 54.47500154 116.99500096 56.12500078 0 P 0
L 141.00499866 27.67499926 141.00499866 29.3249985 0 P 0
L 141.00499866 27.67499926 141.99499922 27.67499926 0 P 0
L 141.00499866 29.3249985 141.99499922 29.3249985 0 P 0
L 141.02499862 33.82499966 141.02499862 35.57500124 0 P 0
L 141.02499862 33.82499966 141.97499926 33.82499966 0 P 0
L 141.02499862 35.57500124 141.97499926 35.57500124 0 P 0
L 141.72142852 23.6280452 141.72142852 25.37804678 0 P 0
L 141.72142852 23.6280452 142.67142916 23.6280452 0 P 0
L 141.72142852 25.37804678 142.67142916 25.37804678 0 P 0
L 141.90000068 52.705 141.90000068 53.69500056 0 P 0
L 141.90000068 52.705 143.54999992 52.705 0 P 0
L 141.90000068 53.69500056 143.54999992 53.69500056 0 P 0
L 141.97499926 33.82499966 141.97499926 35.57500124 0 P 0
L 141.99499922 27.67499926 141.99499922 29.3249985 0 P 0
L 142.67142916 23.6280452 142.67142916 25.37804678 0 P 0
L 142.9249999 47.8749995 142.9249999 49.62500108 0 P 0
L 142.9249999 47.8749995 143.87500054 47.8749995 0 P 0
L 142.9249999 49.62500108 143.87500054 49.62500108 0 P 0
L 143.54999992 52.705 143.54999992 53.69500056 0 P 0
L 143.6249985 7.02499992 143.6249985 7.97500056 0 P 0
L 143.6249985 7.02499992 145.37500008 7.02499992 0 P 0
L 143.6249985 7.97500056 145.37500008 7.97500056 0 P 0
L 143.87500054 47.8749995 143.87500054 49.62500108 0 P 0
L 145.37500008 7.02499992 145.37500008 7.97500056 0 P 0
L 145.90499902 16.2749992 145.90499902 17.92499844 0 P 0
L 145.90499902 16.2749992 146.89499958 16.2749992 0 P 0
L 145.90499902 17.92499844 146.89499958 17.92499844 0 P 0
L 146.12499858 41.7249991 146.12499858 42.67499974 0 P 0
L 146.12499858 41.7249991 147.87500016 41.7249991 0 P 0
L 146.12499858 42.67499974 147.87500016 42.67499974 0 P 0
L 146.89499958 16.2749992 146.89499958 17.92499844 0 P 0
L 147.62499812 17.69400068 147.62499812 19.44399972 0 P 0
L 147.62499812 17.69400068 148.57499622 17.69400068 0 P 0
L 147.62499812 19.44399972 148.57499622 19.44399972 0 P 0
L 147.62499812 27.694001 147.62499812 29.44400004 0 P 0
L 147.62499812 27.694001 148.57499622 27.694001 0 P 0
L 147.62499812 29.44400004 148.57499622 29.44400004 0 P 0
L 147.62499812 47.69400164 147.62499812 49.44400068 0 P 0
L 147.62499812 47.69400164 148.57499622 47.69400164 0 P 0
L 147.62499812 49.44400068 148.57499622 49.44400068 0 P 0
L 147.87500016 41.7249991 147.87500016 42.67499974 0 P 0
L 148.37499916 7.10499976 148.37499916 8.09500032 0 P 0
L 148.37499916 7.10499976 150.0249984 7.10499976 0 P 0
L 148.37499916 8.09500032 150.0249984 8.09500032 0 P 0
L 148.57499622 17.69400068 148.57499622 19.44399972 0 P 0
L 148.57499622 27.694001 148.57499622 29.44400004 0 P 0
L 148.57499622 47.69400164 148.57499622 49.44400068 0 P 0
L 150.0249984 7.10499976 150.0249984 8.09500032 0 P 0
L 152.55200122 42.85000066 152.55200122 44.4999999 0 P 0
L 152.55200122 42.85000066 153.54200178 42.85000066 0 P 0
L 152.55200122 44.4999999 153.54200178 44.4999999 0 P 0
L 153.54200178 42.85000066 153.54200178 44.4999999 0 P 0
L 154.17500026 8.30000118 154.17500026 10.05000022 0 P 0
L 154.17500026 8.30000118 155.12499836 8.30000118 0 P 0
L 154.17500026 10.05000022 155.12499836 10.05000022 0 P 0
L 154.5940012 42.32500298 154.5940012 43.27500108 0 P 0
L 154.5940012 42.32500298 156.34400024 42.32500298 0 P 0
L 154.5940012 43.27500108 156.34400024 43.27500108 0 P 0
L 155.12499836 8.30000118 155.12499836 10.05000022 0 P 0
L 156.34400024 42.32500298 156.34400024 43.27500108 0 P 0
L 184.30500096 37.97500152 184.30500096 39.62500076 0 P 0
L 184.30500096 37.97500152 185.29500152 37.97500152 0 P 0
L 184.30500096 39.62500076 185.29500152 39.62500076 0 P 0
L 184.92499972 48.7249978 184.92499972 50.47499938 0 P 0
L 184.92499972 48.7249978 185.87500036 48.7249978 0 P 0
L 184.92499972 50.47499938 185.87500036 50.47499938 0 P 0
L 185.29500152 37.97500152 185.29500152 39.62500076 0 P 0
L 185.87500036 48.7249978 185.87500036 50.47499938 0 P 0
L 186.22499966 39.52500096 186.22499966 41.27500254 0 P 0
L 186.22499966 39.52500096 187.1750003 39.52500096 0 P 0
L 186.22499966 41.27500254 187.1750003 41.27500254 0 P 0
L 186.52499906 4.62499964 186.52499906 5.57500028 0 P 0
L 186.52499906 4.62499964 188.27500064 4.62499964 0 P 0
L 186.52499906 5.57500028 188.27500064 5.57500028 0 P 0
L 187.10500044 50.37499958 187.10500044 52.02499882 0 P 0
L 187.10500044 50.37499958 188.095001 50.37499958 0 P 0
L 187.10500044 52.02499882 188.095001 52.02499882 0 P 0
L 187.1750003 39.52500096 187.1750003 41.27500254 0 P 0
L 188.095001 50.37499958 188.095001 52.02499882 0 P 0
L 188.12500094 31.02499764 188.12500094 32.77499922 0 P 0
L 188.12500094 31.02499764 189.07500158 31.02499764 0 P 0
L 188.12500094 32.77499922 189.07500158 32.77499922 0 P 0
L 188.27500064 4.62499964 188.27500064 5.57500028 0 P 0
L 188.32500054 37.72499948 188.32500054 39.47499852 0 P 0
L 188.32500054 37.72499948 189.27499864 37.72499948 0 P 0
L 188.32500054 39.47499852 189.27499864 39.47499852 0 P 0
L 189.07500158 31.02499764 189.07500158 32.77499922 0 P 0
L 189.27499864 37.72499948 189.27499864 39.47499852 0 P 0
L 189.62500048 7.62500126 189.62500048 9.3750003 0 P 0
L 189.62500048 7.62500126 190.57499858 7.62500126 0 P 0
L 189.62500048 9.3750003 190.57499858 9.3750003 0 P 0
L 190.00499972 29.67500034 190.00499972 31.32499958 0 P 0
L 190.00499972 29.67500034 190.99500028 29.67500034 0 P 0
L 190.00499972 31.32499958 190.99500028 31.32499958 0 P 0
L 190.42499888 18.09999682 190.42499888 19.8499984 0 P 0
L 190.42499888 18.09999682 191.37499952 18.09999682 0 P 0
L 190.42499888 19.8499984 191.37499952 19.8499984 0 P 0
L 190.57499858 7.62500126 190.57499858 9.3750003 0 P 0
L 190.99500028 29.67500034 190.99500028 31.32499958 0 P 0
L 191.37499952 4.50499988 191.37499952 5.49500044 0 P 0
L 191.37499952 4.50499988 193.02499876 4.50499988 0 P 0
L 191.37499952 5.49500044 193.02499876 5.49500044 0 P 0
L 191.37499952 18.09999682 191.37499952 19.8499984 0 P 0
L 192.12500056 29.52500064 192.12500056 31.27499968 0 P 0
L 192.12500056 29.52500064 193.07499866 29.52500064 0 P 0
L 192.12500056 31.27499968 193.07499866 31.27499968 0 P 0
L 192.60499706 17.94999966 192.60499706 19.5999989 0 P 0
L 192.60499706 17.94999966 193.59499762 17.94999966 0 P 0
L 192.60499706 19.5999989 193.59499762 19.5999989 0 P 0
L 193.02499876 4.50499988 193.02499876 5.49500044 0 P 0
L 193.07499866 29.52500064 193.07499866 31.27499968 0 P 0
L 193.59499762 17.94999966 193.59499762 19.5999989 0 P 0
L 194.42500104 16.30000042 194.42500104 18.04999946 0 P 0
L 194.42500104 16.30000042 195.37499914 16.30000042 0 P 0
L 194.42500104 18.04999946 195.37499914 18.04999946 0 P 0
L 194.72500298 50.42499948 194.72500298 52.17499852 0 P 0
L 194.72500298 50.42499948 195.67500108 50.42499948 0 P 0
L 194.72500298 52.17499852 195.67500108 52.17499852 0 P 0
L 195.37499914 16.30000042 195.37499914 18.04999946 0 P 0
L 195.67500108 50.42499948 195.67500108 52.17499852 0 P 0
