UNITS=MM
#Layer_Color=65535
#
#Feature symbol names
#
$0 r199.9996
$1 r149.9997
$2 r254

#
#Feature attribute names
#
@0 .nomenclature
@1 .string
@2 .string_angle

#
#Feature attribute text strings
#
&0 

#
#Layer features
#
A 12.82583668 9.69600296 12.82583668 9.69600296 11.4329972 9.69600296 0 P 0 N
A 13.08884098 19.7999985 13.08884098 19.7999985 11.6960015 19.7999985 0 P 0 N
A 13.213842 29.89999862 13.213842 29.89999862 11.82100252 29.89999862 0 P 0 N
A 13.22583842 40.19600038 13.22583842 40.19600038 11.83299894 40.19600038 0 P 0 N
A 13.42084184 50.14399928 13.42084184 50.14399928 12.02800236 50.14399928 0 P 0 N
A 35.64583676 13.30700412 35.64583676 13.30700412 34.25299728 13.30700412 0 P 0 N
A 35.90884106 23.41099966 35.90884106 23.41099966 34.51600158 23.41099966 0 P 0 N
A 36.03384208 33.51099978 36.03384208 33.51099978 34.6410026 33.51099978 0 P 0 N
A 36.0458385 43.80700154 36.0458385 43.80700154 34.65299902 43.80700154 0 P 0 N
A 36.24084192 53.75500044 36.24084192 53.75500044 34.84800244 53.75500044 0 P 0 N
A 55.37084176 40.6440005 55.37084176 40.6440005 53.97800228 40.6440005 0 P 0 N
A 55.42583784 8.69399836 55.42583784 8.69399836 54.03299836 8.69399836 0 P 0 N
A 55.42583784 19.44399718 55.42583784 19.44399718 54.03299836 19.44399718 0 P 0 N
A 55.42583784 30.44399804 55.42583784 30.44399804 54.03299836 30.44399804 0 P 0 N
A 55.62583744 51.56900024 55.62583744 51.56900024 54.23299796 51.56900024 0 P 0 N
A 78.19084184 44.25500166 78.19084184 44.25500166 76.79800236 44.25500166 0 P 0 N
A 78.24583792 12.30499952 78.24583792 12.30499952 76.85299844 12.30499952 0 P 0 N
A 78.24583792 23.05499834 78.24583792 23.05499834 76.85299844 23.05499834 0 P 0 N
A 78.24583792 34.0549992 78.24583792 34.0549992 76.85299844 34.0549992 0 P 0 N
A 78.44583752 55.1800014 78.44583752 55.1800014 77.05299804 55.1800014 0 P 0 N
A 98.12583626 30.5270027 98.12583626 30.5270027 96.73299678 30.5270027 0 P 0 N
A 98.12583626 40.06900038 98.12583626 40.06900038 96.73299678 40.06900038 0 P 0 N
A 98.26783496 49.911 98.26783496 49.911 96.87499548 49.911 0 P 0 N
A 98.6258378 7.87484328 98.6258378 7.87484328 97.23299832 7.87484328 0 P 0 N
A 98.6258378 19.87484214 98.6258378 19.87484214 97.23299832 19.87484214 0 P 0 N
A 120.94583634 34.13800386 120.94583634 34.13800386 119.55299686 34.13800386 0 P 0 N
A 120.94583634 43.68000154 120.94583634 43.68000154 119.55299686 43.68000154 0 P 0 N
A 121.08783504 53.52200116 121.08783504 53.52200116 119.69499556 53.52200116 0 P 0 N
A 121.44583788 11.48584444 121.44583788 11.48584444 120.0529984 11.48584444 0 P 0 N
A 121.44583788 23.4858433 121.44583788 23.4858433 120.0529984 23.4858433 0 P 0 N
A 139.36783404 7.88000202 139.36783404 7.88000202 137.97499456 7.88000202 0 P 0 N
A 139.56783364 19.68000128 139.56783364 19.68000128 138.17499416 19.68000128 0 P 0 N
A 139.56783364 29.6800016 139.56783364 29.6800016 138.17499416 29.6800016 0 P 0 N
A 139.56783364 39.68000192 139.56783364 39.68000192 138.17499416 39.68000192 0 P 0 N
A 139.56783364 49.68000224 139.56783364 49.68000224 138.17499416 49.68000224 0 P 0 N
A 162.18783412 11.49100318 162.18783412 11.49100318 160.79499464 11.49100318 0 P 0 N
A 162.38783372 23.29100244 162.38783372 23.29100244 160.99499424 23.29100244 0 P 0 N
A 162.38783372 33.29100276 162.38783372 33.29100276 160.99499424 33.29100276 0 P 0 N
A 162.38783372 43.29100308 162.38783372 43.29100308 160.99499424 43.29100308 0 P 0 N
A 162.38783372 53.2910034 162.38783372 53.2910034 160.99499424 53.2910034 0 P 0 N
L 3.5589972 7.28300296 3.5589972 15.91900296 0 P 0
L 3.5589972 7.28300296 12.8299972 7.28300296 0 P 0
L 3.5589972 15.91900296 12.8299972 15.91900296 0 P 0
L 3.8220015 17.3869985 3.8220015 26.0229985 0 P 0
L 3.8220015 17.3869985 13.0930015 17.3869985 0 P 0
L 3.8220015 26.0229985 13.0930015 26.0229985 0 P 0
L 3.94700252 27.48699862 3.94700252 36.12299862 0 P 0
L 3.94700252 27.48699862 13.21800252 27.48699862 0 P 0
L 3.94700252 36.12299862 13.21800252 36.12299862 0 P 0
L 3.95899894 37.78300038 3.95899894 46.41900038 0 P 0
L 3.95899894 37.78300038 13.22999894 37.78300038 0 P 0
L 3.95899894 46.41900038 13.22999894 46.41900038 0 P 0
L 4.15400236 47.73099928 4.15400236 56.36699928 0 P 0
L 4.15400236 47.73099928 13.42500236 47.73099928 0 P 0
L 4.15400236 56.36699928 13.42500236 56.36699928 0 P 0
L 12.8299972 7.28300296 12.8299972 15.91900296 0 P 0
L 13.0930015 17.3869985 13.0930015 26.0229985 0 P 0
L 13.21800252 27.48699862 13.21800252 36.12299862 0 P 0
L 13.22999894 37.78300038 13.22999894 46.41900038 0 P 0
L 13.42500236 47.73099928 13.42500236 56.36699928 0 P 0
L 14.88000072 31.49999796 14.88000072 31.6919991 1 P 0
L 14.88000072 31.49999796 17.42000072 31.49999796 1 P 0
L 14.88000072 32.7079991 14.88000072 32.90000024 1 P 0
L 14.88000072 32.90000024 17.42000072 32.90000024 1 P 0
L 15.89999868 40.63000002 15.89999868 43.17000002 1 P 0
L 15.89999868 40.63000002 16.09199982 40.63000002 1 P 0
L 15.89999868 41.90000002 17.30000096 41.90000002 1 P 0
L 15.89999868 43.17000002 16.09199982 43.17000002 1 P 0
L 15.89999868 50.73000014 15.89999868 53.27000014 1 P 0
L 15.89999868 50.73000014 16.09199982 50.73000014 1 P 0
L 15.89999868 52.00000014 17.30000096 52.00000014 1 P 0
L 15.89999868 53.27000014 16.09199982 53.27000014 1 P 0
L 16.15000072 31.49999796 16.15000072 32.90000024 1 P 0
L 17.10799982 40.63000002 17.30000096 40.63000002 1 P 0
L 17.10799982 43.17000002 17.30000096 43.17000002 1 P 0
L 17.10799982 50.73000014 17.30000096 50.73000014 1 P 0
L 17.10799982 53.27000014 17.30000096 53.27000014 1 P 0
L 17.30000096 40.63000002 17.30000096 43.17000002 1 P 0
L 17.30000096 50.73000014 17.30000096 53.27000014 1 P 0
L 17.42000072 31.49999796 17.42000072 31.6919991 1 P 0
L 17.42000072 32.7079991 17.42000072 32.90000024 1 P 0
L 17.46800164 31.45599754 17.46800164 31.95599908 0 P 0
L 17.46800164 31.45599754 20.46800072 31.45599754 0 P 0
L 17.46800164 32.55599788 17.46800164 33.05599942 0 P 0
L 17.46800164 33.05599942 20.46800072 33.05599942 0 P 0
L 17.47999806 41.7519993 17.47999806 42.25200084 0 P 0
L 17.47999806 41.7519993 20.47999714 41.7519993 0 P 0
L 17.47999806 42.85199964 17.47999806 43.35200118 0 P 0
L 17.47999806 43.35200118 20.47999714 43.35200118 0 P 0
L 17.67500148 51.6999982 17.67500148 52.19999974 0 P 0
L 17.67500148 51.6999982 20.67500056 51.6999982 0 P 0
L 17.67500148 52.79999854 17.67500148 53.30000008 0 P 0
L 17.67500148 53.30000008 20.67500056 53.30000008 0 P 0
L 17.7300001 21.59999998 17.7300001 21.79200112 1 P 0
L 17.7300001 21.59999998 20.2700001 21.59999998 1 P 0
L 17.7300001 22.80800112 17.7300001 23.00000226 1 P 0
L 17.7300001 23.00000226 20.2700001 23.00000226 1 P 0
L 18.96800118 31.45599754 18.96800118 33.05599942 0 P 0
L 18.9799976 41.7519993 18.9799976 43.35200118 0 P 0
L 19.0000001 21.59999998 19.0000001 23.00000226 1 P 0
L 19.17500102 51.6999982 19.17500102 53.30000008 0 P 0
L 19.42999924 14.19999954 19.42999924 14.39200068 1 P 0
L 19.42999924 14.19999954 21.96999924 14.19999954 1 P 0
L 19.42999924 15.40800068 19.42999924 15.60000182 1 P 0
L 19.42999924 15.60000182 21.96999924 15.60000182 1 P 0
L 20.2700001 21.59999998 20.2700001 21.79200112 1 P 0
L 20.2700001 22.80800112 20.2700001 23.00000226 1 P 0
L 20.46800072 31.45599754 20.46800072 31.95599908 0 P 0
L 20.46800072 32.55599788 20.46800072 33.05599942 0 P 0
L 20.47999714 41.7519993 20.47999714 42.25200084 0 P 0
L 20.47999714 42.85199964 20.47999714 43.35200118 0 P 0
L 20.59300174 30.30599984 20.59300174 33.10599932 1 P 0
L 20.59300174 30.30599984 20.89300368 30.30599984 1 P 0
L 20.59300174 31.70599958 21.99300402 31.70599958 1 P 0
L 20.59300174 33.10599932 20.89300368 33.10599932 1 P 0
L 20.60499816 40.6020016 20.60499816 43.40200108 1 P 0
L 20.60499816 40.6020016 20.9050001 40.6020016 1 P 0
L 20.60499816 42.00200134 22.00500044 42.00200134 1 P 0
L 20.60499816 43.40200108 20.9050001 43.40200108 1 P 0
L 20.67500056 51.6999982 20.67500056 52.19999974 0 P 0
L 20.67500056 52.79999854 20.67500056 53.30000008 0 P 0
L 20.69999924 14.19999954 20.69999924 15.60000182 1 P 0
L 20.80000158 50.5500005 20.80000158 53.34999998 1 P 0
L 20.80000158 50.5500005 21.10000352 50.5500005 1 P 0
L 20.80000158 51.95000024 22.20000386 51.95000024 1 P 0
L 20.80000158 53.34999998 21.10000352 53.34999998 1 P 0
L 21.50000018 21.39999784 21.50000018 21.89999938 0 P 0
L 21.50000018 21.39999784 24.49999926 21.39999784 0 P 0
L 21.50000018 22.49999818 21.50000018 22.99999972 0 P 0
L 21.50000018 22.99999972 24.49999926 22.99999972 0 P 0
L 21.69300208 30.30599984 21.99300402 30.30599984 1 P 0
L 21.69300208 33.10599932 21.99300402 33.10599932 1 P 0
L 21.7049985 40.6020016 22.00500044 40.6020016 1 P 0
L 21.7049985 43.40200108 22.00500044 43.40200108 1 P 0
L 21.90000192 50.5500005 22.20000386 50.5500005 1 P 0
L 21.90000192 53.34999998 22.20000386 53.34999998 1 P 0
L 21.96999924 14.19999954 21.96999924 14.39200068 1 P 0
L 21.96999924 15.40800068 21.96999924 15.60000182 1 P 0
L 21.99300402 30.30599984 21.99300402 33.10599932 1 P 0
L 22.00500044 40.6020016 22.00500044 43.40200108 1 P 0
L 22.20000386 50.5500005 22.20000386 53.34999998 1 P 0
L 22.40000092 12.19999846 22.40000092 12.7 0 P 0
L 22.40000092 12.19999846 25.4 12.19999846 0 P 0
L 22.40000092 13.2999988 22.40000092 13.80000034 0 P 0
L 22.40000092 13.80000034 25.4 13.80000034 0 P 0
L 22.99999972 21.39999784 22.99999972 22.99999972 0 P 0
L 23.90000046 12.19999846 23.90000046 13.80000034 0 P 0
L 24.49999926 21.39999784 24.49999926 21.89999938 0 P 0
L 24.49999926 22.49999818 24.49999926 22.99999972 0 P 0
L 25.4 12.19999846 25.4 12.7 0 P 0
L 25.4 13.2999988 25.4 13.80000034 0 P 0
L 28.30499546 11.00200492 28.30499546 13.8020044 1 P 0
L 28.30499546 11.00200492 28.6049974 11.00200492 1 P 0
L 28.30499546 12.40200466 29.70499774 12.40200466 1 P 0
L 28.30499546 13.8020044 28.6049974 13.8020044 1 P 0
L 29.4049958 11.00200492 29.70499774 11.00200492 1 P 0
L 29.4049958 13.8020044 29.70499774 13.8020044 1 P 0
L 29.70499774 11.00200492 29.70499774 13.8020044 1 P 0
L 31.29999836 21.20000078 31.29999836 24.00000026 1 P 0
L 31.29999836 21.20000078 31.6000003 21.20000078 1 P 0
L 31.29999836 22.60000052 32.70000064 22.60000052 1 P 0
L 31.29999836 24.00000026 31.6000003 24.00000026 1 P 0
L 32.3999987 21.20000078 32.70000064 21.20000078 1 P 0
L 32.3999987 24.00000026 32.70000064 24.00000026 1 P 0
L 32.70000064 21.20000078 32.70000064 24.00000026 1 P 0
L 32.85599728 7.08400412 32.85599728 15.72000412 0 P 0
L 32.85599728 7.08400412 42.12699728 7.08400412 0 P 0
L 32.85599728 15.72000412 42.12699728 15.72000412 0 P 0
L 33.11900158 17.18799966 33.11900158 25.82399966 0 P 0
L 33.11900158 17.18799966 42.39000158 17.18799966 0 P 0
L 33.11900158 25.82399966 42.39000158 25.82399966 0 P 0
L 33.2440026 27.28799978 33.2440026 35.92399978 0 P 0
L 33.2440026 27.28799978 42.5150026 27.28799978 0 P 0
L 33.2440026 35.92399978 42.5150026 35.92399978 0 P 0
L 33.25599902 37.58400154 33.25599902 46.22000154 0 P 0
L 33.25599902 37.58400154 42.52699902 37.58400154 0 P 0
L 33.25599902 46.22000154 42.52699902 46.22000154 0 P 0
L 33.45100244 47.53200044 33.45100244 56.16800044 0 P 0
L 33.45100244 47.53200044 42.72200244 47.53200044 0 P 0
L 33.45100244 56.16800044 42.72200244 56.16800044 0 P 0
L 42.12699728 7.08400412 42.12699728 15.72000412 0 P 0
L 42.39000158 17.18799966 42.39000158 25.82399966 0 P 0
L 42.5150026 27.28799978 42.5150026 35.92399978 0 P 0
L 42.52699902 37.58400154 42.52699902 46.22000154 0 P 0
L 42.72200244 47.53200044 42.72200244 56.16800044 0 P 0
L 46.10400228 38.2310005 46.10400228 46.8670005 0 P 0
L 46.10400228 38.2310005 55.37500228 38.2310005 0 P 0
L 46.10400228 46.8670005 55.37500228 46.8670005 0 P 0
L 46.15899836 6.28099836 46.15899836 14.91699836 0 P 0
L 46.15899836 6.28099836 55.42999836 6.28099836 0 P 0
L 46.15899836 14.91699836 55.42999836 14.91699836 0 P 0
L 46.15899836 17.03099718 46.15899836 25.66699718 0 P 0
L 46.15899836 17.03099718 55.42999836 17.03099718 0 P 0
L 46.15899836 25.66699718 55.42999836 25.66699718 0 P 0
L 46.15899836 28.03099804 46.15899836 36.66699804 0 P 0
L 46.15899836 28.03099804 55.42999836 28.03099804 0 P 0
L 46.15899836 36.66699804 55.42999836 36.66699804 0 P 0
L 46.35899796 49.15600024 46.35899796 57.79200024 0 P 0
L 46.35899796 49.15600024 55.62999796 49.15600024 0 P 0
L 46.35899796 57.79200024 55.62999796 57.79200024 0 P 0
L 55.37500228 38.2310005 55.37500228 46.8670005 0 P 0
L 55.42999836 6.28099836 55.42999836 14.91699836 0 P 0
L 55.42999836 17.03099718 55.42999836 25.66699718 0 P 0
L 55.42999836 28.03099804 55.42999836 36.66699804 0 P 0
L 55.62999796 49.15600024 55.62999796 57.79200024 0 P 0
L 56.73000084 50.8999998 56.73000084 51.09200094 1 P 0
L 56.73000084 50.8999998 59.27000084 50.8999998 1 P 0
L 56.73000084 52.10800094 56.73000084 52.30000208 1 P 0
L 56.73000084 52.30000208 59.27000084 52.30000208 1 P 0
L 57.62999904 18.79999796 57.62999904 18.9919991 1 P 0
L 57.62999904 18.79999796 60.16999904 18.79999796 1 P 0
L 57.62999904 20.0079991 57.62999904 20.20000024 1 P 0
L 57.62999904 20.20000024 60.16999904 20.20000024 1 P 0
L 58.00000084 50.8999998 58.00000084 52.30000208 1 P 0
L 58.89999904 18.79999796 58.89999904 20.20000024 1 P 0
L 59.27000084 50.8999998 59.27000084 51.09200094 1 P 0
L 59.27000084 52.10800094 59.27000084 52.30000208 1 P 0
L 59.69999998 23.19999932 59.69999998 26.1999984 0 P 0
L 59.69999998 23.19999932 60.20000152 23.19999932 0 P 0
L 59.69999998 24.69999886 61.30000186 24.69999886 0 P 0
L 59.69999998 26.1999984 60.20000152 26.1999984 0 P 0
L 59.82999972 39.59999954 59.82999972 39.79200068 1 P 0
L 59.82999972 39.59999954 62.36999972 39.59999954 1 P 0
L 59.82999972 40.80800068 59.82999972 41.00000182 1 P 0
L 59.82999972 41.00000182 62.36999972 41.00000182 1 P 0
L 59.87999708 53.12499916 59.87999708 53.6250007 0 P 0
L 59.87999708 53.12499916 62.87999616 53.12499916 0 P 0
L 59.87999708 54.2249995 59.87999708 54.72500104 0 P 0
L 59.87999708 54.72500104 62.87999616 54.72500104 0 P 0
L 60.16999904 18.79999796 60.16999904 18.9919991 1 P 0
L 60.16999904 20.0079991 60.16999904 20.20000024 1 P 0
L 60.80000032 23.19999932 61.30000186 23.19999932 0 P 0
L 60.80000032 26.1999984 61.30000186 26.1999984 0 P 0
L 61.09999972 39.59999954 61.09999972 41.00000182 1 P 0
L 61.30000186 23.19999932 61.30000186 26.1999984 0 P 0
L 61.37999662 53.12499916 61.37999662 54.72500104 0 P 0
L 61.89999812 9.80000072 61.89999812 12.7999998 0 P 0
L 61.89999812 9.80000072 62.39999966 9.80000072 0 P 0
L 61.89999812 11.30000026 63.5 11.30000026 0 P 0
L 61.89999812 12.7999998 62.39999966 12.7999998 0 P 0
L 62.36999972 39.59999954 62.36999972 39.79200068 1 P 0
L 62.36999972 40.80800068 62.36999972 41.00000182 1 P 0
L 62.52500068 45.0999987 62.52500068 45.60000024 0 P 0
L 62.52500068 45.0999987 65.52499976 45.0999987 0 P 0
L 62.52500068 46.19999904 62.52500068 46.70000058 0 P 0
L 62.52500068 46.70000058 65.52499976 46.70000058 0 P 0
L 62.87999616 53.12499916 62.87999616 53.6250007 0 P 0
L 62.87999616 54.2249995 62.87999616 54.72500104 0 P 0
L 62.99999846 9.80000072 63.5 9.80000072 0 P 0
L 62.99999846 12.7999998 63.5 12.7999998 0 P 0
L 63.00499718 51.97500146 63.00499718 54.77500094 1 P 0
L 63.00499718 51.97500146 63.30499912 51.97500146 1 P 0
L 63.00499718 53.3750012 64.40499946 53.3750012 1 P 0
L 63.00499718 54.77500094 63.30499912 54.77500094 1 P 0
L 63.29999786 29.22999996 63.29999786 31.76999996 1 P 0
L 63.29999786 29.22999996 63.491999 29.22999996 1 P 0
L 63.29999786 30.49999996 64.70000014 30.49999996 1 P 0
L 63.29999786 31.76999996 63.491999 31.76999996 1 P 0
L 63.5 9.80000072 63.5 12.7999998 0 P 0
L 64.02500022 45.0999987 64.02500022 46.70000058 0 P 0
L 64.10499752 51.97500146 64.40499946 51.97500146 1 P 0
L 64.10499752 54.77500094 64.40499946 54.77500094 1 P 0
L 64.40499946 51.97500146 64.40499946 54.77500094 1 P 0
L 64.507999 29.22999996 64.70000014 29.22999996 1 P 0
L 64.507999 31.76999996 64.70000014 31.76999996 1 P 0
L 64.70000014 29.22999996 64.70000014 31.76999996 1 P 0
L 65.52499976 45.0999987 65.52499976 45.60000024 0 P 0
L 65.52499976 46.19999904 65.52499976 46.70000058 0 P 0
L 65.64500206 45.11699892 65.64500206 47.9169984 1 P 0
L 65.64500206 45.11699892 65.945004 45.11699892 1 P 0
L 65.64500206 46.51699866 67.04500434 46.51699866 1 P 0
L 65.64500206 47.9169984 65.945004 47.9169984 1 P 0
L 66.29999948 30.69999956 66.29999948 33.69999864 0 P 0
L 66.29999948 30.69999956 66.80000102 30.69999956 0 P 0
L 66.29999948 32.1999991 67.90000136 32.1999991 0 P 0
L 66.29999948 33.69999864 66.80000102 33.69999864 0 P 0
L 66.7450024 45.11699892 67.04500434 45.11699892 1 P 0
L 66.7450024 47.9169984 67.04500434 47.9169984 1 P 0
L 67.04500434 45.11699892 67.04500434 47.9169984 1 P 0
L 67.39999982 30.69999956 67.90000136 30.69999956 0 P 0
L 67.39999982 33.69999864 67.90000136 33.69999864 0 P 0
L 67.80425098 7.15957166 67.80425098 9.69957166 1 P 0
L 67.80425098 7.15957166 67.99625212 7.15957166 1 P 0
L 67.80425098 8.42957166 69.20425326 8.42957166 1 P 0
L 67.80425098 9.69957166 67.99625212 9.69957166 1 P 0
L 67.90000136 30.69999956 67.90000136 33.69999864 0 P 0
L 69.01225212 7.15957166 69.20425326 7.15957166 1 P 0
L 69.01225212 9.69957166 69.20425326 9.69957166 1 P 0
L 69.20425326 7.15957166 69.20425326 9.69957166 1 P 0
L 69.9999997 32.30000144 69.9999997 35.10000092 1 P 0
L 69.9999997 32.30000144 70.30000164 32.30000144 1 P 0
L 69.9999997 33.70000118 71.40000198 33.70000118 1 P 0
L 69.9999997 35.10000092 70.30000164 35.10000092 1 P 0
L 70.9999977 10.2669975 70.9999977 13.06699698 1 P 0
L 70.9999977 10.2669975 71.29999964 10.2669975 1 P 0
L 70.9999977 11.66699724 72.39999998 11.66699724 1 P 0
L 70.9999977 13.06699698 71.29999964 13.06699698 1 P 0
L 71.10000004 32.30000144 71.40000198 32.30000144 1 P 0
L 71.10000004 35.10000092 71.40000198 35.10000092 1 P 0
L 71.40000198 32.30000144 71.40000198 35.10000092 1 P 0
L 72.09999804 10.2669975 72.39999998 10.2669975 1 P 0
L 72.09999804 13.06699698 72.39999998 13.06699698 1 P 0
L 72.39999998 10.2669975 72.39999998 13.06699698 1 P 0
L 72.49999978 22.80000012 72.49999978 25.5999996 1 P 0
L 72.49999978 22.80000012 72.80000172 22.80000012 1 P 0
L 72.49999978 24.19999986 73.90000206 24.19999986 1 P 0
L 72.49999978 25.5999996 72.80000172 25.5999996 1 P 0
L 73.60000012 22.80000012 73.90000206 22.80000012 1 P 0
L 73.60000012 25.5999996 73.90000206 25.5999996 1 P 0
L 73.90000206 22.80000012 73.90000206 25.5999996 1 P 0
L 75.40100236 38.03200166 75.40100236 46.66800166 0 P 0
L 75.40100236 38.03200166 84.67200236 38.03200166 0 P 0
L 75.40100236 46.66800166 84.67200236 46.66800166 0 P 0
L 75.45599844 6.08199952 75.45599844 14.71799952 0 P 0
L 75.45599844 6.08199952 84.72699844 6.08199952 0 P 0
L 75.45599844 14.71799952 84.72699844 14.71799952 0 P 0
L 75.45599844 16.83199834 75.45599844 25.46799834 0 P 0
L 75.45599844 16.83199834 84.72699844 16.83199834 0 P 0
L 75.45599844 25.46799834 84.72699844 25.46799834 0 P 0
L 75.45599844 27.8319992 75.45599844 36.4679992 0 P 0
L 75.45599844 27.8319992 84.72699844 27.8319992 0 P 0
L 75.45599844 36.4679992 84.72699844 36.4679992 0 P 0
L 75.65599804 48.9570014 75.65599804 57.5930014 0 P 0
L 75.65599804 48.9570014 84.92699804 48.9570014 0 P 0
L 75.65599804 57.5930014 84.92699804 57.5930014 0 P 0
L 84.67200236 38.03200166 84.67200236 46.66800166 0 P 0
L 84.72699844 6.08199952 84.72699844 14.71799952 0 P 0
L 84.72699844 16.83199834 84.72699844 25.46799834 0 P 0
L 84.72699844 27.8319992 84.72699844 36.4679992 0 P 0
L 84.92699804 48.9570014 84.92699804 57.5930014 0 P 0
L 88.85899678 28.1140027 88.85899678 36.7500027 0 P 0
L 88.85899678 28.1140027 98.12999678 28.1140027 0 P 0
L 88.85899678 36.7500027 98.12999678 36.7500027 0 P 0
L 88.85899678 37.65600038 88.85899678 46.29200038 0 P 0
L 88.85899678 37.65600038 98.12999678 37.65600038 0 P 0
L 88.85899678 46.29200038 98.12999678 46.29200038 0 P 0
L 89.00099548 47.498 89.00099548 56.134 0 P 0
L 89.00099548 47.498 98.27199548 47.498 0 P 0
L 89.00099548 56.134 98.27199548 56.134 0 P 0
L 89.35899832 5.46184328 89.35899832 14.09784328 0 P 0
L 89.35899832 5.46184328 98.62999832 5.46184328 0 P 0
L 89.35899832 14.09784328 98.62999832 14.09784328 0 P 0
L 89.35899832 17.46184214 89.35899832 26.09784214 0 P 0
L 89.35899832 17.46184214 98.62999832 17.46184214 0 P 0
L 89.35899832 26.09784214 98.62999832 26.09784214 0 P 0
L 98.12999678 28.1140027 98.12999678 36.7500027 0 P 0
L 98.12999678 37.65600038 98.12999678 46.29200038 0 P 0
L 98.27199548 47.498 98.27199548 56.134 0 P 0
L 98.62999832 5.46184328 98.62999832 14.09784328 0 P 0
L 98.62999832 17.46184214 98.62999832 26.09784214 0 P 0
L 99.29999952 42.42999896 99.29999952 44.96999896 1 P 0
L 99.29999952 42.42999896 99.49200066 42.42999896 1 P 0
L 99.29999952 43.69999896 100.7000018 43.69999896 1 P 0
L 99.29999952 44.96999896 99.49200066 44.96999896 1 P 0
L 99.59999892 26.88000212 99.59999892 29.42000212 1 P 0
L 99.59999892 26.88000212 99.79200006 26.88000212 1 P 0
L 99.59999892 28.15000212 101.0000012 28.15000212 1 P 0
L 99.59999892 29.42000212 99.79200006 29.42000212 1 P 0
L 99.89999832 5.24784066 99.89999832 8.24783974 0 P 0
L 99.89999832 5.24784066 100.39999986 5.24784066 0 P 0
L 99.89999832 6.7478402 101.5000002 6.7478402 0 P 0
L 99.89999832 8.24783974 100.39999986 8.24783974 0 P 0
L 99.89999832 17.24783952 99.89999832 20.2478386 0 P 0
L 99.89999832 17.24783952 100.39999986 17.24783952 0 P 0
L 99.89999832 18.74783906 101.5000002 18.74783906 0 P 0
L 99.89999832 20.2478386 100.39999986 20.2478386 0 P 0
L 99.99999812 21.62999992 99.99999812 24.16999992 1 P 0
L 99.99999812 21.62999992 100.19199926 21.62999992 1 P 0
L 99.99999812 22.89999992 101.4000004 22.89999992 1 P 0
L 99.99999812 24.16999992 100.19199926 24.16999992 1 P 0
L 100.09999792 1.42999968 100.09999792 3.96999968 1 P 0
L 100.09999792 1.42999968 100.29199906 1.42999968 1 P 0
L 100.09999792 2.69999968 101.5000002 2.69999968 1 P 0
L 100.09999792 3.96999968 100.29199906 3.96999968 1 P 0
L 100.30000006 51.83000048 100.30000006 54.37000048 1 P 0
L 100.30000006 51.83000048 100.4920012 51.83000048 1 P 0
L 100.30000006 53.10000048 101.70000234 53.10000048 1 P 0
L 100.30000006 54.37000048 100.4920012 54.37000048 1 P 0
L 100.50800066 42.42999896 100.7000018 42.42999896 1 P 0
L 100.50800066 44.96999896 100.7000018 44.96999896 1 P 0
L 100.7000018 42.42999896 100.7000018 44.96999896 1 P 0
L 100.80800006 26.88000212 101.0000012 26.88000212 1 P 0
L 100.80800006 29.42000212 101.0000012 29.42000212 1 P 0
L 100.89999886 42.00000236 100.89999886 45.00000144 0 P 0
L 100.89999886 42.00000236 101.4000004 42.00000236 0 P 0
L 100.89999886 43.5000019 102.50000074 43.5000019 0 P 0
L 100.89999886 45.00000144 101.4000004 45.00000144 0 P 0
L 100.99999866 5.24784066 101.5000002 5.24784066 0 P 0
L 100.99999866 8.24783974 101.5000002 8.24783974 0 P 0
L 100.99999866 17.24783952 101.5000002 17.24783952 0 P 0
L 100.99999866 20.2478386 101.5000002 20.2478386 0 P 0
L 101.0000012 26.88000212 101.0000012 29.42000212 1 P 0
L 101.20799926 21.62999992 101.4000004 21.62999992 1 P 0
L 101.20799926 24.16999992 101.4000004 24.16999992 1 P 0
L 101.30799906 1.42999968 101.5000002 1.42999968 1 P 0
L 101.30799906 3.96999968 101.5000002 3.96999968 1 P 0
L 101.4000004 21.62999992 101.4000004 24.16999992 1 P 0
L 101.5000002 1.42999968 101.5000002 3.96999968 1 P 0
L 101.5000002 5.24784066 101.5000002 8.24783974 0 P 0
L 101.5000002 17.24783952 101.5000002 20.2478386 0 P 0
L 101.5080012 51.83000048 101.70000234 51.83000048 1 P 0
L 101.5080012 54.37000048 101.70000234 54.37000048 1 P 0
L 101.70000234 51.83000048 101.70000234 54.37000048 1 P 0
L 101.9999992 42.00000236 102.50000074 42.00000236 0 P 0
L 101.9999992 45.00000144 102.50000074 45.00000144 0 P 0
L 102.50000074 42.00000236 102.50000074 45.00000144 0 P 0
L 102.6999978 27.87499886 102.6999978 30.87499794 0 P 0
L 102.6999978 27.87499886 103.19999934 27.87499886 0 P 0
L 102.6999978 29.3749984 104.29999968 29.3749984 0 P 0
L 102.6999978 30.87499794 103.19999934 30.87499794 0 P 0
L 103.79999814 27.87499886 104.29999968 27.87499886 0 P 0
L 103.79999814 30.87499794 104.29999968 30.87499794 0 P 0
L 104.29999968 27.87499886 104.29999968 30.87499794 0 P 0
L 105.95799992 37.55799956 105.95799992 40.35799904 1 P 0
L 105.95799992 37.55799956 106.25800186 37.55799956 1 P 0
L 105.95799992 38.9579993 107.3580022 38.9579993 1 P 0
L 105.95799992 40.35799904 106.25800186 40.35799904 1 P 0
L 106.09999862 47.39999918 106.09999862 50.19999866 1 P 0
L 106.09999862 47.39999918 106.40000056 47.39999918 1 P 0
L 106.09999862 48.79999892 107.5000009 48.79999892 1 P 0
L 106.09999862 50.19999866 106.40000056 50.19999866 1 P 0
L 106.15799952 30.41600216 106.15799952 33.21600164 1 P 0
L 106.15799952 30.41600216 106.45800146 30.41600216 1 P 0
L 106.15799952 31.8160019 107.5580018 31.8160019 1 P 0
L 106.15799952 33.21600164 106.45800146 33.21600164 1 P 0
L 106.45800146 5.36384246 106.45800146 8.16384194 1 P 0
L 106.45800146 5.36384246 106.7580034 5.36384246 1 P 0
L 106.45800146 6.7638422 107.85800374 6.7638422 1 P 0
L 106.45800146 8.16384194 106.7580034 8.16384194 1 P 0
L 106.45800146 17.36384132 106.45800146 20.1638408 1 P 0
L 106.45800146 17.36384132 106.7580034 17.36384132 1 P 0
L 106.45800146 18.76384106 107.85800374 18.76384106 1 P 0
L 106.45800146 20.1638408 106.7580034 20.1638408 1 P 0
L 107.05800026 37.55799956 107.3580022 37.55799956 1 P 0
L 107.05800026 40.35799904 107.3580022 40.35799904 1 P 0
L 107.19999896 47.39999918 107.5000009 47.39999918 1 P 0
L 107.19999896 50.19999866 107.5000009 50.19999866 1 P 0
L 107.25799986 30.41600216 107.5580018 30.41600216 1 P 0
L 107.25799986 33.21600164 107.5580018 33.21600164 1 P 0
L 107.3580022 37.55799956 107.3580022 40.35799904 1 P 0
L 107.5000009 47.39999918 107.5000009 50.19999866 1 P 0
L 107.5580018 5.36384246 107.85800374 5.36384246 1 P 0
L 107.5580018 8.16384194 107.85800374 8.16384194 1 P 0
L 107.5580018 17.36384132 107.85800374 17.36384132 1 P 0
L 107.5580018 20.1638408 107.85800374 20.1638408 1 P 0
L 107.5580018 30.41600216 107.5580018 33.21600164 1 P 0
L 107.85800374 5.36384246 107.85800374 8.16384194 1 P 0
L 107.85800374 17.36384132 107.85800374 20.1638408 1 P 0
L 115.69999974 53.80000162 115.69999974 56.8000007 0 P 0
L 115.69999974 53.80000162 116.20000128 53.80000162 0 P 0
L 115.69999974 55.30000116 117.30000162 55.30000116 0 P 0
L 115.69999974 56.8000007 116.20000128 56.8000007 0 P 0
L 116.80000008 53.80000162 117.30000162 53.80000162 0 P 0
L 116.80000008 56.8000007 117.30000162 56.8000007 0 P 0
L 117.30000162 53.80000162 117.30000162 56.8000007 0 P 0
L 118.15599686 27.91500386 118.15599686 36.55100386 0 P 0
L 118.15599686 27.91500386 127.42699686 27.91500386 0 P 0
L 118.15599686 36.55100386 127.42699686 36.55100386 0 P 0
L 118.15599686 37.45700154 118.15599686 46.09300154 0 P 0
L 118.15599686 37.45700154 127.42699686 37.45700154 0 P 0
L 118.15599686 46.09300154 127.42699686 46.09300154 0 P 0
L 118.29799556 47.29900116 118.29799556 55.93500116 0 P 0
L 118.29799556 47.29900116 127.56899556 47.29900116 0 P 0
L 118.29799556 55.93500116 127.56899556 55.93500116 0 P 0
L 118.6559984 5.26284444 118.6559984 13.89884444 0 P 0
L 118.6559984 5.26284444 127.9269984 5.26284444 0 P 0
L 118.6559984 13.89884444 127.9269984 13.89884444 0 P 0
L 118.6559984 17.2628433 118.6559984 25.8988433 0 P 0
L 118.6559984 17.2628433 127.9269984 17.2628433 0 P 0
L 118.6559984 25.8988433 127.9269984 25.8988433 0 P 0
L 127.42699686 27.91500386 127.42699686 36.55100386 0 P 0
L 127.42699686 37.45700154 127.42699686 46.09300154 0 P 0
L 127.56899556 47.29900116 127.56899556 55.93500116 0 P 0
L 127.9269984 5.26284444 127.9269984 13.89884444 0 P 0
L 127.9269984 17.2628433 127.9269984 25.8988433 0 P 0
L 130.10099456 5.46700202 130.10099456 14.10300202 0 P 0
L 130.10099456 5.46700202 139.37199456 5.46700202 0 P 0
L 130.10099456 14.10300202 139.37199456 14.10300202 0 P 0
L 130.30099416 17.26700128 130.30099416 25.90300128 0 P 0
L 130.30099416 17.26700128 139.57199416 17.26700128 0 P 0
L 130.30099416 25.90300128 139.57199416 25.90300128 0 P 0
L 130.30099416 27.2670016 130.30099416 35.9030016 0 P 0
L 130.30099416 27.2670016 139.57199416 27.2670016 0 P 0
L 130.30099416 35.9030016 139.57199416 35.9030016 0 P 0
L 130.30099416 37.26700192 130.30099416 45.90300192 0 P 0
L 130.30099416 37.26700192 139.57199416 37.26700192 0 P 0
L 130.30099416 45.90300192 139.57199416 45.90300192 0 P 0
L 130.30099416 47.26700224 130.30099416 55.90300224 0 P 0
L 130.30099416 47.26700224 139.57199416 47.26700224 0 P 0
L 130.30099416 55.90300224 139.57199416 55.90300224 0 P 0
L 139.37199456 5.46700202 139.37199456 14.10300202 0 P 0
L 139.57199416 17.26700128 139.57199416 25.90300128 0 P 0
L 139.57199416 27.2670016 139.57199416 35.9030016 0 P 0
L 139.57199416 37.26700192 139.57199416 45.90300192 0 P 0
L 139.57199416 47.26700224 139.57199416 55.90300224 0 P 0
L 140.699998 26.99999934 140.699998 29.99999842 0 P 0
L 140.699998 26.99999934 141.19999954 26.99999934 0 P 0
L 140.699998 28.49999888 142.29999988 28.49999888 0 P 0
L 140.699998 29.99999842 141.19999954 29.99999842 0 P 0
L 140.7999978 33.42999918 140.7999978 35.96999918 1 P 0
L 140.7999978 33.42999918 140.99199894 33.42999918 1 P 0
L 140.7999978 34.69999918 142.20000008 34.69999918 1 P 0
L 140.7999978 35.96999918 140.99199894 35.96999918 1 P 0
L 141.22500076 52.39999934 141.22500076 52.90000088 0 P 0
L 141.22500076 52.39999934 144.22499984 52.39999934 0 P 0
L 141.22500076 53.49999968 141.22500076 54.00000122 0 P 0
L 141.22500076 54.00000122 144.22499984 54.00000122 0 P 0
L 141.4964277 23.23304726 141.4964277 25.77304726 1 P 0
L 141.4964277 23.23304726 141.68842884 23.23304726 1 P 0
L 141.4964277 24.50304726 142.89642998 24.50304726 1 P 0
L 141.4964277 25.77304726 141.68842884 25.77304726 1 P 0
L 141.79999834 26.99999934 142.29999988 26.99999934 0 P 0
L 141.79999834 29.99999842 142.29999988 29.99999842 0 P 0
L 142.00799894 33.42999918 142.20000008 33.42999918 1 P 0
L 142.00799894 35.96999918 142.20000008 35.96999918 1 P 0
L 142.20000008 33.42999918 142.20000008 35.96999918 1 P 0
L 142.29999988 26.99999934 142.29999988 29.99999842 0 P 0
L 142.69999908 47.48000156 142.69999908 50.02000156 1 P 0
L 142.69999908 47.48000156 142.89200022 47.48000156 1 P 0
L 142.69999908 48.75000156 144.10000136 48.75000156 1 P 0
L 142.69999908 50.02000156 142.89200022 50.02000156 1 P 0
L 142.70442884 23.23304726 142.89642998 23.23304726 1 P 0
L 142.70442884 25.77304726 142.89642998 25.77304726 1 P 0
L 142.7250003 52.39999934 142.7250003 54.00000122 0 P 0
L 142.89642998 23.23304726 142.89642998 25.77304726 1 P 0
L 143.23000056 6.7999991 143.23000056 6.99200024 1 P 0
L 143.23000056 6.7999991 145.77000056 6.7999991 1 P 0
L 143.23000056 8.00800024 143.23000056 8.20000138 1 P 0
L 143.23000056 8.20000138 145.77000056 8.20000138 1 P 0
L 143.90800022 47.48000156 144.10000136 47.48000156 1 P 0
L 143.90800022 50.02000156 144.10000136 50.02000156 1 P 0
L 144.10000136 47.48000156 144.10000136 50.02000156 1 P 0
L 144.22499984 52.39999934 144.22499984 52.90000088 0 P 0
L 144.22499984 53.49999968 144.22499984 54.00000122 0 P 0
L 144.50000056 6.7999991 144.50000056 8.20000138 1 P 0
L 145.59999836 15.59999928 145.59999836 18.59999836 0 P 0
L 145.59999836 15.59999928 146.0999999 15.59999928 0 P 0
L 145.59999836 17.09999882 147.20000024 17.09999882 0 P 0
L 145.59999836 18.59999836 146.0999999 18.59999836 0 P 0
L 145.73000064 41.49999828 145.73000064 41.69199942 1 P 0
L 145.73000064 41.49999828 148.27000064 41.49999828 1 P 0
L 145.73000064 42.70799942 145.73000064 42.90000056 1 P 0
L 145.73000064 42.90000056 148.27000064 42.90000056 1 P 0
L 145.77000056 6.7999991 145.77000056 6.99200024 1 P 0
L 145.77000056 8.00800024 145.77000056 8.20000138 1 P 0
L 146.6999987 15.59999928 147.20000024 15.59999928 0 P 0
L 146.6999987 18.59999836 147.20000024 18.59999836 0 P 0
L 147.00000064 41.49999828 147.00000064 42.90000056 1 P 0
L 147.20000024 15.59999928 147.20000024 18.59999836 0 P 0
L 147.3999973 17.16900046 147.3999973 19.96899994 1 P 0
L 147.3999973 17.16900046 147.69999924 17.16900046 1 P 0
L 147.3999973 18.5690002 148.79999958 18.5690002 1 P 0
L 147.3999973 19.96899994 147.69999924 19.96899994 1 P 0
L 147.3999973 27.16900078 147.3999973 29.96900026 1 P 0
L 147.3999973 27.16900078 147.69999924 27.16900078 1 P 0
L 147.3999973 28.56900052 148.79999958 28.56900052 1 P 0
L 147.3999973 29.96900026 147.69999924 29.96900026 1 P 0
L 147.3999973 47.16900142 147.3999973 49.9690009 1 P 0
L 147.3999973 47.16900142 147.69999924 47.16900142 1 P 0
L 147.3999973 48.56900116 148.79999958 48.56900116 1 P 0
L 147.3999973 49.9690009 147.69999924 49.9690009 1 P 0
L 147.69999924 6.7999991 147.69999924 7.30000064 0 P 0
L 147.69999924 6.7999991 150.69999832 6.7999991 0 P 0
L 147.69999924 7.89999944 147.69999924 8.40000098 0 P 0
L 147.69999924 8.40000098 150.69999832 8.40000098 0 P 0
L 148.27000064 41.49999828 148.27000064 41.69199942 1 P 0
L 148.27000064 42.70799942 148.27000064 42.90000056 1 P 0
L 148.49999764 17.16900046 148.79999958 17.16900046 1 P 0
L 148.49999764 19.96899994 148.79999958 19.96899994 1 P 0
L 148.49999764 27.16900078 148.79999958 27.16900078 1 P 0
L 148.49999764 29.96900026 148.79999958 29.96900026 1 P 0
L 148.49999764 47.16900142 148.79999958 47.16900142 1 P 0
L 148.49999764 49.9690009 148.79999958 49.9690009 1 P 0
L 148.79999958 17.16900046 148.79999958 19.96899994 1 P 0
L 148.79999958 27.16900078 148.79999958 29.96900026 1 P 0
L 148.79999958 47.16900142 148.79999958 49.9690009 1 P 0
L 149.19999878 6.7999991 149.19999878 8.40000098 0 P 0
L 150.69999832 6.7999991 150.69999832 7.30000064 0 P 0
L 150.69999832 7.89999944 150.69999832 8.40000098 0 P 0
L 152.24700056 42.17500074 152.24700056 45.17499982 0 P 0
L 152.24700056 42.17500074 152.7470021 42.17500074 0 P 0
L 152.24700056 43.67500028 153.84700244 43.67500028 0 P 0
L 152.24700056 45.17499982 152.7470021 45.17499982 0 P 0
L 153.3470009 42.17500074 153.84700244 42.17500074 0 P 0
L 153.3470009 45.17499982 153.84700244 45.17499982 0 P 0
L 153.84700244 42.17500074 153.84700244 45.17499982 0 P 0
L 153.94999944 7.77500096 153.94999944 10.57500044 1 P 0
L 153.94999944 7.77500096 154.25000138 7.77500096 1 P 0
L 153.94999944 9.1750007 155.35000172 9.1750007 1 P 0
L 153.94999944 10.57500044 154.25000138 10.57500044 1 P 0
L 154.06900098 42.09999962 154.06900098 42.40000156 1 P 0
L 154.06900098 42.09999962 156.86900046 42.09999962 1 P 0
L 154.06900098 43.19999996 154.06900098 43.5000019 1 P 0
L 154.06900098 43.5000019 156.86900046 43.5000019 1 P 0
L 155.04999978 7.77500096 155.35000172 7.77500096 1 P 0
L 155.04999978 10.57500044 155.35000172 10.57500044 1 P 0
L 155.35000172 7.77500096 155.35000172 10.57500044 1 P 0
L 155.46900072 42.09999962 155.46900072 43.5000019 1 P 0
L 156.86900046 42.09999962 156.86900046 42.40000156 1 P 0
L 156.86900046 43.19999996 156.86900046 43.5000019 1 P 0
L 159.39799464 5.26800318 159.39799464 13.90400318 0 P 0
L 159.39799464 5.26800318 168.66899464 5.26800318 0 P 0
L 159.39799464 13.90400318 168.66899464 13.90400318 0 P 0
L 159.59799424 17.06800244 159.59799424 25.70400244 0 P 0
L 159.59799424 17.06800244 168.86899424 17.06800244 0 P 0
L 159.59799424 25.70400244 168.86899424 25.70400244 0 P 0
L 159.59799424 27.06800276 159.59799424 35.70400276 0 P 0
L 159.59799424 27.06800276 168.86899424 27.06800276 0 P 0
L 159.59799424 35.70400276 168.86899424 35.70400276 0 P 0
L 159.59799424 37.06800308 159.59799424 45.70400308 0 P 0
L 159.59799424 37.06800308 168.86899424 37.06800308 0 P 0
L 159.59799424 45.70400308 168.86899424 45.70400308 0 P 0
L 159.59799424 47.0680034 159.59799424 55.7040034 0 P 0
L 159.59799424 47.0680034 168.86899424 47.0680034 0 P 0
L 159.59799424 55.7040034 168.86899424 55.7040034 0 P 0
L 168.66899464 5.26800318 168.66899464 13.90400318 0 P 0
L 168.86899424 17.06800244 168.86899424 25.70400244 0 P 0
L 168.86899424 27.06800276 168.86899424 35.70400276 0 P 0
L 168.86899424 37.06800308 168.86899424 45.70400308 0 P 0
L 168.86899424 47.0680034 168.86899424 55.7040034 0 P 0
