UNITS=MM
#Layer_Color=9474304
#
#Feature symbol names
#
$0 r169.33164
$1 r127

#
#Feature attribute names
#

#
#Layer features
#
A 21.69600436 27.70399844 21.69600436 27.70399844 21.18800436 27.70399844 0 P 0 N
A 21.70800078 38.0000002 21.70800078 38.0000002 21.20000078 38.0000002 0 P 0 N
A 22.00800018 49.79999946 22.00800018 49.79999946 21.50000018 49.79999946 0 P 0 N
A 29.40799808 8.40000352 29.40799808 8.40000352 28.89999808 8.40000352 0 P 0 N
A 30.50800096 20.39999984 30.50800096 20.39999984 30.00000096 20.39999984 0 P 0 N
L 10.9249972 9.18800296 10.9249972 10.20400296 1 P 0
L 10.9249972 9.18800296 11.9409972 9.18800296 1 P 0
L 10.9249972 10.20400296 11.9409972 10.20400296 1 P 0
L 10.9249972 12.99800296 10.9249972 14.01400296 1 P 0
L 10.9249972 12.99800296 11.9409972 12.99800296 1 P 0
L 10.9249972 14.01400296 11.9409972 14.01400296 1 P 0
L 11.1880015 19.2919985 11.1880015 20.3079985 1 P 0
L 11.1880015 19.2919985 12.2040015 19.2919985 1 P 0
L 11.1880015 20.3079985 12.2040015 20.3079985 1 P 0
L 11.1880015 23.1019985 11.1880015 24.1179985 1 P 0
L 11.1880015 23.1019985 12.2040015 23.1019985 1 P 0
L 11.1880015 24.1179985 12.2040015 24.1179985 1 P 0
L 11.31300252 29.39199862 11.31300252 30.40799862 1 P 0
L 11.31300252 29.39199862 12.32900252 29.39199862 1 P 0
L 11.31300252 30.40799862 12.32900252 30.40799862 1 P 0
L 11.31300252 33.20199862 11.31300252 34.21799862 1 P 0
L 11.31300252 33.20199862 12.32900252 33.20199862 1 P 0
L 11.31300252 34.21799862 12.32900252 34.21799862 1 P 0
L 11.32499894 39.68800038 11.32499894 40.70400038 1 P 0
L 11.32499894 39.68800038 12.34099894 39.68800038 1 P 0
L 11.32499894 40.70400038 12.34099894 40.70400038 1 P 0
L 11.32499894 43.49800038 11.32499894 44.51400038 1 P 0
L 11.32499894 43.49800038 12.34099894 43.49800038 1 P 0
L 11.32499894 44.51400038 12.34099894 44.51400038 1 P 0
L 11.52000236 49.63599928 11.52000236 50.65199928 1 P 0
L 11.52000236 49.63599928 12.53600236 49.63599928 1 P 0
L 11.52000236 50.65199928 12.53600236 50.65199928 1 P 0
L 11.52000236 53.44599928 11.52000236 54.46199928 1 P 0
L 11.52000236 53.44599928 12.53600236 53.44599928 1 P 0
L 11.52000236 54.46199928 12.53600236 54.46199928 1 P 0
L 11.9409972 9.18800296 11.9409972 10.20400296 1 P 0
L 11.9409972 12.99800296 11.9409972 14.01400296 1 P 0
L 12.2040015 19.2919985 12.2040015 20.3079985 1 P 0
L 12.2040015 23.1019985 12.2040015 24.1179985 1 P 0
L 12.32900252 29.39199862 12.32900252 30.40799862 1 P 0
L 12.32900252 33.20199862 12.32900252 34.21799862 1 P 0
L 12.34099894 39.68800038 12.34099894 40.70400038 1 P 0
L 12.34099894 43.49800038 12.34099894 44.51400038 1 P 0
L 12.53600236 49.63599928 12.53600236 50.65199928 1 P 0
L 12.53600236 53.44599928 12.53600236 54.46199928 1 P 0
L 33.74499728 8.98900412 33.74499728 10.00500412 1 P 0
L 33.74499728 8.98900412 34.76099728 8.98900412 1 P 0
L 33.74499728 10.00500412 34.76099728 10.00500412 1 P 0
L 33.74499728 12.79900412 33.74499728 13.81500412 1 P 0
L 33.74499728 12.79900412 34.76099728 12.79900412 1 P 0
L 33.74499728 13.81500412 34.76099728 13.81500412 1 P 0
L 34.00800158 19.09299966 34.00800158 20.10899966 1 P 0
L 34.00800158 19.09299966 35.02400158 19.09299966 1 P 0
L 34.00800158 20.10899966 35.02400158 20.10899966 1 P 0
L 34.00800158 22.90299966 34.00800158 23.91899966 1 P 0
L 34.00800158 22.90299966 35.02400158 22.90299966 1 P 0
L 34.00800158 23.91899966 35.02400158 23.91899966 1 P 0
L 34.1330026 29.19299978 34.1330026 30.20899978 1 P 0
L 34.1330026 29.19299978 35.1490026 29.19299978 1 P 0
L 34.1330026 30.20899978 35.1490026 30.20899978 1 P 0
L 34.1330026 33.00299978 34.1330026 34.01899978 1 P 0
L 34.1330026 33.00299978 35.1490026 33.00299978 1 P 0
L 34.1330026 34.01899978 35.1490026 34.01899978 1 P 0
L 34.14499902 39.48900154 34.14499902 40.50500154 1 P 0
L 34.14499902 39.48900154 35.16099902 39.48900154 1 P 0
L 34.14499902 40.50500154 35.16099902 40.50500154 1 P 0
L 34.14499902 43.29900154 34.14499902 44.31500154 1 P 0
L 34.14499902 43.29900154 35.16099902 43.29900154 1 P 0
L 34.14499902 44.31500154 35.16099902 44.31500154 1 P 0
L 34.34000244 49.43700044 34.34000244 50.45300044 1 P 0
L 34.34000244 49.43700044 35.35600244 49.43700044 1 P 0
L 34.34000244 50.45300044 35.35600244 50.45300044 1 P 0
L 34.34000244 53.24700044 34.34000244 54.26300044 1 P 0
L 34.34000244 53.24700044 35.35600244 53.24700044 1 P 0
L 34.34000244 54.26300044 35.35600244 54.26300044 1 P 0
L 34.76099728 8.98900412 34.76099728 10.00500412 1 P 0
L 34.76099728 12.79900412 34.76099728 13.81500412 1 P 0
L 35.02400158 19.09299966 35.02400158 20.10899966 1 P 0
L 35.02400158 22.90299966 35.02400158 23.91899966 1 P 0
L 35.1490026 29.19299978 35.1490026 30.20899978 1 P 0
L 35.1490026 33.00299978 35.1490026 34.01899978 1 P 0
L 35.16099902 39.48900154 35.16099902 40.50500154 1 P 0
L 35.16099902 43.29900154 35.16099902 44.31500154 1 P 0
L 35.35600244 49.43700044 35.35600244 50.45300044 1 P 0
L 35.35600244 53.24700044 35.35600244 54.26300044 1 P 0
