UNITS=MM
#Layer_Color=16711935
#
#Feature symbol names
#
$0 r99.9998

#
#Feature attribute names
#

#
#Layer features
#
L 18.14300156 31.7609982 18.14300156 32.75099876 0 P 0
L 18.14300156 31.7609982 19.7930008 31.7609982 0 P 0
L 18.14300156 32.75099876 19.7930008 32.75099876 0 P 0
L 18.15499798 42.05699996 18.15499798 43.04700052 0 P 0
L 18.15499798 42.05699996 19.80499722 42.05699996 0 P 0
L 18.15499798 43.04700052 19.80499722 43.04700052 0 P 0
L 18.3500014 52.00499886 18.3500014 52.99499942 0 P 0
L 18.3500014 52.00499886 20.00000064 52.00499886 0 P 0
L 18.3500014 52.99499942 20.00000064 52.99499942 0 P 0
L 19.7930008 31.7609982 19.7930008 32.75099876 0 P 0
L 19.80499722 42.05699996 19.80499722 43.04700052 0 P 0
L 20.00000064 52.00499886 20.00000064 52.99499942 0 P 0
L 20.8180051 30.83100006 20.8180051 32.5809991 0 P 0
L 20.8180051 30.83100006 21.7680032 30.83100006 0 P 0
L 20.8180051 32.5809991 21.7680032 32.5809991 0 P 0
L 20.83000152 41.12700182 20.83000152 42.87700086 0 P 0
L 20.83000152 41.12700182 21.77999962 41.12700182 0 P 0
L 20.83000152 42.87700086 21.77999962 42.87700086 0 P 0
L 21.02500494 51.07500072 21.02500494 52.82499976 0 P 0
L 21.02500494 51.07500072 21.97500304 51.07500072 0 P 0
L 21.02500494 52.82499976 21.97500304 52.82499976 0 P 0
L 21.7680032 30.83100006 21.7680032 32.5809991 0 P 0
L 21.77999962 41.12700182 21.77999962 42.87700086 0 P 0
L 21.97500304 51.07500072 21.97500304 52.82499976 0 P 0
L 22.1750001 21.7049985 22.1750001 22.69499906 0 P 0
L 22.1750001 21.7049985 23.82499934 21.7049985 0 P 0
L 22.1750001 22.69499906 23.82499934 22.69499906 0 P 0
L 23.07500084 12.50499912 23.07500084 13.49499968 0 P 0
L 23.07500084 12.50499912 24.72500008 12.50499912 0 P 0
L 23.07500084 13.49499968 24.72500008 13.49499968 0 P 0
L 23.82499934 21.7049985 23.82499934 22.69499906 0 P 0
L 24.72500008 12.50499912 24.72500008 13.49499968 0 P 0
L 28.52999882 11.52700514 28.52999882 13.27700418 0 P 0
L 28.52999882 11.52700514 29.47999692 11.52700514 0 P 0
L 28.52999882 13.27700418 29.47999692 13.27700418 0 P 0
L 29.47999692 11.52700514 29.47999692 13.27700418 0 P 0
L 31.52500172 21.725001 31.52500172 23.47500004 0 P 0
L 31.52500172 21.725001 32.47499982 21.725001 0 P 0
L 31.52500172 23.47500004 32.47499982 23.47500004 0 P 0
L 32.47499982 21.725001 32.47499982 23.47500004 0 P 0
L 56.60499982 19.0000001 56.60499982 20.64999934 0 P 0
L 56.60499982 19.0000001 57.59500038 19.0000001 0 P 0
L 56.60499982 20.64999934 57.59500038 20.64999934 0 P 0
L 57.59500038 19.0000001 57.59500038 20.64999934 0 P 0
L 59.1049999 12.6000002 59.1049999 14.24999944 0 P 0
L 59.1049999 12.6000002 60.09500046 12.6000002 0 P 0
L 59.1049999 14.24999944 60.09500046 14.24999944 0 P 0
L 59.27499956 33.6050001 59.27499956 34.59500066 0 P 0
L 59.27499956 33.6050001 60.9249988 33.6050001 0 P 0
L 59.27499956 34.59500066 60.9249988 34.59500066 0 P 0
L 59.4049993 52.67500006 59.4049993 54.3249993 0 P 0
L 59.4049993 52.67500006 60.39499986 52.67500006 0 P 0
L 59.4049993 54.3249993 60.39499986 54.3249993 0 P 0
L 60.09500046 12.6000002 60.09500046 14.24999944 0 P 0
L 60.39499986 52.67500006 60.39499986 54.3249993 0 P 0
L 60.9249988 33.6050001 60.9249988 34.59500066 0 P 0
L 61.32500054 12.12500242 61.32500054 13.07500052 0 P 0
L 61.32500054 12.12500242 63.07499958 12.12500242 0 P 0
L 61.32500054 13.07500052 63.07499958 13.07500052 0 P 0
L 61.72500228 51.72499942 61.72500228 53.47499846 0 P 0
L 61.72500228 51.72499942 62.67500038 51.72499942 0 P 0
L 61.72500228 53.47499846 62.67500038 53.47499846 0 P 0
L 62.67500038 51.72499942 62.67500038 53.47499846 0 P 0
L 63.07499958 12.12500242 63.07499958 13.07500052 0 P 0
L 67.87500014 43.40500082 67.87500014 44.39500138 0 P 0
L 67.87500014 43.40500082 69.52499938 43.40500082 0 P 0
L 67.87500014 44.39500138 69.52499938 44.39500138 0 P 0
L 69.52499938 43.40500082 69.52499938 44.39500138 0 P 0
L 70.42500012 28.92500184 70.42500012 29.87499994 0 P 0
L 70.42500012 28.92500184 72.17499916 28.92500184 0 P 0
L 70.42500012 29.87499994 72.17499916 29.87499994 0 P 0
L 71.02500146 40.4250017 71.02500146 42.17500074 0 P 0
L 71.02500146 40.4250017 71.97499956 40.4250017 0 P 0
L 71.02500146 42.17500074 71.97499956 42.17500074 0 P 0
L 71.97499956 40.4250017 71.97499956 42.17500074 0 P 0
L 72.17499916 28.92500184 72.17499916 29.87499994 0 P 0
L 72.92500274 23.55000116 72.92500274 25.3000002 0 P 0
L 72.92500274 23.55000116 73.87500084 23.55000116 0 P 0
L 72.92500274 25.3000002 73.87500084 25.3000002 0 P 0
L 73.87500084 23.55000116 73.87500084 25.3000002 0 P 0
