UNITS=MM
#Layer_Color=9474304
#
#Feature symbol names
#
$0 r127

#
#Feature attribute names
#

#
#Layer features
#
L 6.99200024 14.00800094 7.50000024 12.99200094 0 P 0
L 6.99200024 14.00800094 8.00800024 14.00800094 0 P 0
L 7.50000024 12.99200094 8.00800024 14.00800094 0 P 0
L 8.74199928 5.25800066 9.24999928 4.24200066 0 P 0
L 8.74199928 5.25800066 9.75799928 5.25800066 0 P 0
L 9.24999928 4.24200066 9.75799928 5.25800066 0 P 0
L 11.49199886 13.2579999 11.99999886 12.2419999 0 P 0
L 11.49199886 13.2579999 12.50799886 13.2579999 0 P 0
L 11.99999886 12.2419999 12.50799886 13.2579999 0 P 0
L 17.24200006 11.71699968 17.75000006 10.70099968 0 P 0
L 17.24200006 11.71699968 18.25800006 11.71699968 0 P 0
L 17.24200006 19.0080011 17.75000006 17.9920011 0 P 0
L 17.24200006 19.0080011 18.25800006 19.0080011 0 P 0
L 17.49938588 10.2148894 18.00738588 9.1988894 0 P 0
L 17.49938588 10.2148894 18.51538588 10.2148894 0 P 0
L 17.75000006 10.70099968 18.25800006 11.71699968 0 P 0
L 17.75000006 17.9920011 18.25800006 19.0080011 0 P 0
L 18.00738588 9.1988894 18.51538588 10.2148894 0 P 0
L 23.27392348 15.03992166 23.78192348 14.02392166 0 P 0
L 23.27392348 15.03992166 24.28992348 15.03992166 0 P 0
L 23.78192348 14.02392166 24.28992348 15.03992166 0 P 0
L 26.49199934 16.50800102 26.99999934 15.49200102 0 P 0
L 26.49199934 16.50800102 27.50799934 16.50800102 0 P 0
L 26.99999934 15.49200102 27.50799934 16.50800102 0 P 0
L 31.19000112 3.48199964 31.19000112 4.49799964 0 P 0
L 31.19000112 3.48199964 32.20600112 3.48199964 0 P 0
L 31.19000112 4.49799964 32.20600112 4.49799964 0 P 0
L 31.19000112 6.98719964 31.19000112 8.00319964 0 P 0
L 31.19000112 6.98719964 32.20600112 6.98719964 0 P 0
L 31.19000112 8.00319964 32.20600112 8.00319964 0 P 0
L 31.19000112 10.49239964 31.19000112 11.50839964 0 P 0
L 31.19000112 10.49239964 32.20600112 10.49239964 0 P 0
L 31.19000112 11.50839964 32.20600112 11.50839964 0 P 0
L 31.19000112 13.99759964 31.19000112 15.01359964 0 P 0
L 31.19000112 13.99759964 32.20600112 13.99759964 0 P 0
L 31.19000112 15.01359964 32.20600112 15.01359964 0 P 0
L 31.19000112 17.50279964 31.19000112 18.51879964 0 P 0
L 31.19000112 17.50279964 32.20600112 17.50279964 0 P 0
L 31.19000112 18.51879964 32.20600112 18.51879964 0 P 0
L 32.20600112 3.48199964 32.20600112 4.49799964 0 P 0
L 32.20600112 6.98719964 32.20600112 8.00319964 0 P 0
L 32.20600112 10.49239964 32.20600112 11.50839964 0 P 0
L 32.20600112 13.99759964 32.20600112 15.01359964 0 P 0
L 32.20600112 17.50279964 32.20600112 18.51879964 0 P 0
