UNITS=MM
#Layer_Color=32768
#
#Feature symbol names
#
$0 r49.9999
$1 r99.9998
$2 r199.9996

#
#Feature attribute names
#

#
#Layer features
#
L 3.0509972 6.77500296 3.0509972 16.42700296 2 P 0
L 3.0509972 6.77500296 13.3379972 6.77500296 2 P 0
L 3.0509972 16.42700296 13.3379972 16.42700296 2 P 0
L 3.3140015 16.8789985 3.3140015 26.5309985 2 P 0
L 3.3140015 16.8789985 13.6010015 16.8789985 2 P 0
L 3.3140015 26.5309985 13.6010015 26.5309985 2 P 0
L 3.43900252 26.97899862 3.43900252 36.63099862 2 P 0
L 3.43900252 26.97899862 13.72600252 26.97899862 2 P 0
L 3.43900252 36.63099862 13.72600252 36.63099862 2 P 0
L 3.45099894 37.27500038 3.45099894 46.92700038 2 P 0
L 3.45099894 37.27500038 13.73799894 37.27500038 2 P 0
L 3.45099894 46.92700038 13.73799894 46.92700038 2 P 0
L 3.64600236 47.22299928 3.64600236 56.87499928 2 P 0
L 3.64600236 47.22299928 13.93300236 47.22299928 2 P 0
L 3.64600236 56.87499928 13.93300236 56.87499928 2 P 0
L 7.4959972 11.60100296 8.7659972 11.60100296 2 P 0
L 7.7590015 21.7049985 9.0290015 21.7049985 2 P 0
L 7.88400252 31.80499862 9.15400252 31.80499862 2 P 0
L 7.89599894 42.10100038 9.16599894 42.10100038 2 P 0
L 8.09100236 52.04899928 9.36100236 52.04899928 2 P 0
L 8.1309972 10.96600296 8.1309972 12.23600296 2 P 0
L 8.3940015 21.0699985 8.3940015 22.3399985 2 P 0
L 8.51900252 31.16999862 8.51900252 32.43999862 2 P 0
L 8.53099894 41.46600038 8.53099894 42.73600038 2 P 0
L 8.72600236 51.41399928 8.72600236 52.68399928 2 P 0
L 13.3379972 6.77500296 13.3379972 16.42700296 2 P 0
L 13.6010015 16.8789985 13.6010015 26.5309985 2 P 0
L 13.72600252 26.97899862 13.72600252 36.63099862 2 P 0
L 13.73799894 37.27500038 13.73799894 46.92700038 2 P 0
L 13.75000044 17.94999966 13.75000044 20.64999934 0 P 0
L 13.75000044 17.94999966 15.24999998 17.94999966 0 P 0
L 13.75000044 20.64999934 15.24999998 20.64999934 0 P 0
L 13.93300236 47.22299928 13.93300236 56.87499928 2 P 0
L 14.02500116 19.2999995 14.97499926 19.2999995 1 P 0
L 14.45000158 27.42499976 14.45000158 30.12499944 0 P 0
L 14.45000158 27.42499976 15.95000112 27.42499976 0 P 0
L 14.45000158 30.12499944 15.95000112 30.12499944 0 P 0
L 14.49999894 18.82499918 14.49999894 19.77499982 1 P 0
L 14.7250023 28.7749996 15.6750004 28.7749996 1 P 0
L 15.20000008 28.29999928 15.20000008 29.24999992 1 P 0
L 15.24999998 17.94999966 15.24999998 20.64999934 0 P 0
L 15.74999644 21.35000048 15.74999644 22.85000002 0 P 0
L 15.74999644 21.35000048 18.44999866 21.35000048 0 P 0
L 15.74999644 22.85000002 18.44999866 22.85000002 0 P 0
L 15.95000112 27.42499976 15.95000112 30.12499944 0 P 0
L 15.95000112 40.6250013 15.95000112 43.32500098 0 P 0
L 15.95000112 40.6250013 17.45000066 40.6250013 0 P 0
L 15.95000112 43.32500098 17.45000066 43.32500098 0 P 0
L 16.05000092 50.5500005 16.05000092 53.25000018 0 P 0
L 16.05000092 50.5500005 17.55000046 50.5500005 0 P 0
L 16.05000092 53.25000018 17.55000046 53.25000018 0 P 0
L 16.22500184 41.97500114 17.17499994 41.97500114 1 P 0
L 16.32500164 51.90000034 17.27499974 51.90000034 1 P 0
L 16.6249985 22.09999898 17.5749966 22.09999898 1 P 0
L 16.69999962 41.50000082 16.69999962 42.45000146 1 P 0
L 16.79999942 51.42500002 16.79999942 52.37500066 1 P 0
L 17.05000146 9.85000062 17.05000146 12.5500003 0 P 0
L 17.05000146 9.85000062 18.550001 9.85000062 0 P 0
L 17.05000146 12.5500003 18.550001 12.5500003 0 P 0
L 17.09999882 21.62499866 17.09999882 22.5749993 1 P 0
L 17.32500218 11.20000046 18.27500028 11.20000046 1 P 0
L 17.39300052 31.50599998 17.39300052 33.00599952 0 P 0
L 17.39300052 31.50599998 20.09300274 31.50599998 0 P 0
L 17.39300052 33.00599952 20.09300274 33.00599952 0 P 0
L 17.45000066 40.6250013 17.45000066 43.32500098 0 P 0
L 17.55000046 50.5500005 17.55000046 53.25000018 0 P 0
L 17.60000036 51.75000064 17.60000036 53.25000018 0 P 0
L 17.60000036 51.75000064 20.30000258 51.75000064 0 P 0
L 17.60000036 53.25000018 20.30000258 53.25000018 0 P 0
L 17.64999772 41.85000266 17.64999772 43.3500022 0 P 0
L 17.64999772 41.85000266 20.34999994 41.85000266 0 P 0
L 17.64999772 43.3500022 20.34999994 43.3500022 0 P 0
L 17.79999996 10.72500014 17.79999996 11.67500078 1 P 0
L 18.26800258 32.25599848 19.21800068 32.25599848 1 P 0
L 18.44999866 21.35000048 18.44999866 22.85000002 0 P 0
L 18.47500242 52.49999914 19.42500052 52.49999914 1 P 0
L 18.52499978 42.60000116 19.47499788 42.60000116 1 P 0
L 18.550001 9.85000062 18.550001 12.5500003 0 P 0
L 18.7430029 31.78099816 18.7430029 32.7309988 1 P 0
L 18.95000274 52.02499882 18.95000274 52.97499946 1 P 0
L 19.0000001 42.12500084 19.0000001 43.07500148 1 P 0
L 20.09300274 31.50599998 20.09300274 33.00599952 0 P 0
L 20.30000258 51.75000064 20.30000258 53.25000018 0 P 0
L 20.34999994 41.85000266 20.34999994 43.3500022 0 P 0
L 20.54300438 30.35599974 20.54300438 33.05599942 0 P 0
L 20.54300438 30.35599974 22.04300392 30.35599974 0 P 0
L 20.54300438 33.05599942 22.04300392 33.05599942 0 P 0
L 20.5550008 40.6520015 20.5550008 43.35200118 0 P 0
L 20.5550008 40.6520015 22.05500034 40.6520015 0 P 0
L 20.5550008 43.35200118 22.05500034 43.35200118 0 P 0
L 20.75000422 50.6000004 20.75000422 53.30000008 0 P 0
L 20.75000422 50.6000004 22.25000376 50.6000004 0 P 0
L 20.75000422 53.30000008 22.25000376 53.30000008 0 P 0
L 20.8180051 31.70599958 21.7680032 31.70599958 1 P 0
L 20.83000152 42.00200134 21.77999962 42.00200134 1 P 0
L 21.02500494 51.95000024 21.97500304 51.95000024 1 P 0
L 21.29300288 31.23099926 21.29300288 32.1809999 1 P 0
L 21.3049993 41.52700102 21.3049993 42.47700166 1 P 0
L 21.50000272 51.47499992 21.50000272 52.42500056 1 P 0
L 22.04300392 30.35599974 22.04300392 33.05599942 0 P 0
L 22.05500034 40.6520015 22.05500034 43.35200118 0 P 0
L 22.24999868 12.2500009 22.24999868 13.75000044 0 P 0
L 22.24999868 12.2500009 24.9500009 12.2500009 0 P 0
L 22.24999868 13.75000044 24.9500009 13.75000044 0 P 0
L 22.25000376 50.6000004 22.25000376 53.30000008 0 P 0
L 23.12500074 12.9999994 24.07499884 12.9999994 1 P 0
L 23.60000106 12.52499908 23.60000106 13.47499972 1 P 0
L 24.9500009 12.2500009 24.9500009 13.75000044 0 P 0
L 28.2549981 11.05200482 28.2549981 13.7520045 0 P 0
L 28.2549981 11.05200482 29.75499764 11.05200482 0 P 0
L 28.2549981 13.7520045 29.75499764 13.7520045 0 P 0
L 28.52999882 12.40200466 29.47999692 12.40200466 1 P 0
L 29.0049966 11.92700434 29.0049966 12.87700498 1 P 0
L 29.75499764 11.05200482 29.75499764 13.7520045 0 P 0
L 31.250001 21.25000068 31.250001 23.95000036 0 P 0
L 31.250001 21.25000068 32.75000054 21.25000068 0 P 0
L 31.250001 23.95000036 32.75000054 23.95000036 0 P 0
L 31.52500172 22.60000052 32.47499982 22.60000052 1 P 0
L 31.9999995 22.1250002 31.9999995 23.07500084 1 P 0
L 32.34799728 6.57600412 32.34799728 16.22800412 2 P 0
L 32.34799728 6.57600412 42.63499728 6.57600412 2 P 0
L 32.34799728 16.22800412 42.63499728 16.22800412 2 P 0
L 32.61100158 16.67999966 32.61100158 26.33199966 2 P 0
L 32.61100158 16.67999966 42.89800158 16.67999966 2 P 0
L 32.61100158 26.33199966 42.89800158 26.33199966 2 P 0
L 32.7360026 26.77999978 32.7360026 36.43199978 2 P 0
L 32.7360026 26.77999978 43.0230026 26.77999978 2 P 0
L 32.7360026 36.43199978 43.0230026 36.43199978 2 P 0
L 32.74799902 37.07600154 32.74799902 46.72800154 2 P 0
L 32.74799902 37.07600154 43.03499902 37.07600154 2 P 0
L 32.74799902 46.72800154 43.03499902 46.72800154 2 P 0
L 32.75000054 21.25000068 32.75000054 23.95000036 0 P 0
L 32.94300244 47.02400044 32.94300244 56.67600044 2 P 0
L 32.94300244 47.02400044 43.23000244 47.02400044 2 P 0
L 32.94300244 56.67600044 43.23000244 56.67600044 2 P 0
L 36.91999728 11.40200412 38.18999728 11.40200412 2 P 0
L 37.18300158 21.50599966 38.45300158 21.50599966 2 P 0
L 37.3080026 31.60599978 38.5780026 31.60599978 2 P 0
L 37.31999902 41.90200154 38.58999902 41.90200154 2 P 0
L 37.51500244 51.85000044 38.78500244 51.85000044 2 P 0
L 37.55499728 10.76700412 37.55499728 12.03700412 2 P 0
L 37.81800158 20.87099966 37.81800158 22.14099966 2 P 0
L 37.9430026 30.97099978 37.9430026 32.24099978 2 P 0
L 37.95499902 41.26700154 37.95499902 42.53700154 2 P 0
L 38.15000244 51.21500044 38.15000244 52.48500044 2 P 0
L 42.63499728 6.57600412 42.63499728 16.22800412 2 P 0
L 42.89800158 16.67999966 42.89800158 26.33199966 2 P 0
L 43.0230026 26.77999978 43.0230026 36.43199978 2 P 0
L 43.03499902 37.07600154 43.03499902 46.72800154 2 P 0
L 43.23000244 47.02400044 43.23000244 56.67600044 2 P 0
L 45.59600228 37.7230005 45.59600228 47.3750005 2 P 0
L 45.59600228 37.7230005 55.88300228 37.7230005 2 P 0
L 45.59600228 47.3750005 55.88300228 47.3750005 2 P 0
L 45.65099836 5.77299836 45.65099836 15.42499836 2 P 0
L 45.65099836 5.77299836 55.93799836 5.77299836 2 P 0
L 45.65099836 15.42499836 55.93799836 15.42499836 2 P 0
L 45.65099836 16.52299718 45.65099836 26.17499718 2 P 0
L 45.65099836 16.52299718 55.93799836 16.52299718 2 P 0
L 45.65099836 26.17499718 55.93799836 26.17499718 2 P 0
L 45.65099836 27.52299804 45.65099836 37.17499804 2 P 0
L 45.65099836 27.52299804 55.93799836 27.52299804 2 P 0
L 45.65099836 37.17499804 55.93799836 37.17499804 2 P 0
L 45.85099796 48.64800024 45.85099796 58.30000024 2 P 0
L 45.85099796 48.64800024 56.13799796 48.64800024 2 P 0
L 45.85099796 58.30000024 56.13799796 58.30000024 2 P 0
L 50.04100228 42.5490005 51.31100228 42.5490005 2 P 0
L 50.09599836 10.59899836 51.36599836 10.59899836 2 P 0
L 50.09599836 21.34899718 51.36599836 21.34899718 2 P 0
L 50.09599836 32.34899804 51.36599836 32.34899804 2 P 0
L 50.29599796 53.47400024 51.56599796 53.47400024 2 P 0
L 50.67600228 41.9140005 50.67600228 43.1840005 2 P 0
L 50.73099836 9.96399836 50.73099836 11.23399836 2 P 0
L 50.73099836 20.71399718 50.73099836 21.98399718 2 P 0
L 50.73099836 31.71399804 50.73099836 32.98399804 2 P 0
L 50.93099796 52.83900024 50.93099796 54.10900024 2 P 0
L 55.88300228 37.7230005 55.88300228 47.3750005 2 P 0
L 55.93799836 5.77299836 55.93799836 15.42499836 2 P 0
L 55.93799836 16.52299718 55.93799836 26.17499718 2 P 0
L 55.93799836 27.52299804 55.93799836 37.17499804 2 P 0
L 56.13799796 48.64800024 56.13799796 58.30000024 2 P 0
L 58.05000074 41.04999918 58.05000074 43.74999886 0 P 0
L 58.05000074 41.04999918 59.55000028 41.04999918 0 P 0
L 58.05000074 43.74999886 59.55000028 43.74999886 0 P 0
L 58.149998 21.54999754 58.149998 24.24999976 0 P 0
L 58.149998 21.54999754 59.64999754 21.54999754 0 P 0
L 58.149998 24.24999976 59.64999754 24.24999976 0 P 0
L 58.25000034 18.24999906 58.25000034 20.94999874 0 P 0
L 58.25000034 18.24999906 59.74999988 18.24999906 0 P 0
L 58.25000034 20.94999874 59.74999988 20.94999874 0 P 0
L 58.25000034 51.92499902 58.25000034 54.6249987 0 P 0
L 58.25000034 51.92499902 59.74999988 51.92499902 0 P 0
L 58.25000034 54.6249987 59.74999988 54.6249987 0 P 0
L 58.32500146 42.39999902 59.27499956 42.39999902 1 P 0
L 58.35000014 10.79999872 58.35000014 13.50000094 0 P 0
L 58.35000014 10.79999872 59.84999968 10.79999872 0 P 0
L 58.35000014 13.50000094 59.84999968 13.50000094 0 P 0
L 58.42499872 22.89999992 59.37499936 22.89999992 1 P 0
L 58.44999994 32.6499982 58.44999994 35.35000042 0 P 0
L 58.44999994 32.6499982 59.94999948 32.6499982 0 P 0
L 58.44999994 35.35000042 59.94999948 35.35000042 0 P 0
L 58.52500106 19.5999989 59.47499916 19.5999989 1 P 0
L 58.52500106 53.27499886 59.47499916 53.27499886 1 P 0
L 58.62500086 12.1500011 59.5750015 12.1500011 1 P 0
L 58.72500066 34.00000058 59.6750013 34.00000058 1 P 0
L 58.79999924 41.9249987 58.79999924 42.87499934 1 P 0
L 58.89999904 22.4249996 58.89999904 23.3749977 1 P 0
L 58.99999884 19.12499858 58.99999884 20.07499922 1 P 0
L 58.99999884 52.79999854 58.99999884 53.74999918 1 P 0
L 59.10000118 11.67500078 59.10000118 12.62499888 1 P 0
L 59.20000098 33.52500026 59.20000098 34.47499836 1 P 0
L 59.55000028 41.04999918 59.55000028 43.74999886 0 P 0
L 59.64999754 21.54999754 59.64999754 24.24999976 0 P 0
L 59.64999754 42.25000186 59.64999754 43.7500014 0 P 0
L 59.64999754 42.25000186 62.34999976 42.25000186 0 P 0
L 59.64999754 43.7500014 62.34999976 43.7500014 0 P 0
L 59.74999988 18.24999906 59.74999988 20.94999874 0 P 0
L 59.74999988 51.92499902 59.74999988 54.6249987 0 P 0
L 59.84999968 10.79999872 59.84999968 13.50000094 0 P 0
L 59.94999694 53.25000272 59.94999694 54.75000226 0 P 0
L 59.94999694 53.25000272 62.64999916 53.25000272 0 P 0
L 59.94999694 54.75000226 62.64999916 54.75000226 0 P 0
L 59.94999948 32.6499982 59.94999948 35.35000042 0 P 0
L 60.5249996 43.00000036 61.4749977 43.00000036 1 P 0
L 60.824999 54.00000122 61.7749971 54.00000122 1 P 0
L 60.99999992 42.52500004 60.99999992 43.47500068 1 P 0
L 61.29999932 53.5250009 61.29999932 54.47500154 1 P 0
L 62.34999976 42.25000186 62.34999976 43.7500014 0 P 0
L 62.3500023 30.74999946 62.3500023 33.44999914 0 P 0
L 62.3500023 30.74999946 63.85000184 30.74999946 0 P 0
L 62.3500023 33.44999914 63.85000184 33.44999914 0 P 0
L 62.62500302 32.0999993 63.57500112 32.0999993 1 P 0
L 62.64999916 53.25000272 62.64999916 54.75000226 0 P 0
L 62.69500288 42.26699954 62.69500288 44.96699922 0 P 0
L 62.69500288 42.26699954 64.19500242 42.26699954 0 P 0
L 62.69500288 44.96699922 64.19500242 44.96699922 0 P 0
L 62.74999896 10.3169974 62.74999896 13.01699708 0 P 0
L 62.74999896 10.3169974 64.2499985 10.3169974 0 P 0
L 62.74999896 13.01699708 64.2499985 13.01699708 0 P 0
L 62.74999896 21.06699622 62.74999896 23.7669959 0 P 0
L 62.74999896 21.06699622 64.2499985 21.06699622 0 P 0
L 62.74999896 23.7669959 64.2499985 23.7669959 0 P 0
L 62.7500015 3.84999992 62.7500015 6.5499996 0 P 0
L 62.7500015 3.84999992 64.25000104 3.84999992 0 P 0
L 62.7500015 6.5499996 64.25000104 6.5499996 0 P 0
L 62.95499982 52.02500136 62.95499982 54.72500104 0 P 0
L 62.95499982 52.02500136 64.45499936 52.02500136 0 P 0
L 62.95499982 54.72500104 64.45499936 54.72500104 0 P 0
L 62.9700036 43.61699938 63.9200017 43.61699938 1 P 0
L 63.02499968 11.66699724 63.97499778 11.66699724 1 P 0
L 63.02499968 22.41699606 63.97499778 22.41699606 1 P 0
L 63.02500222 5.19999976 63.97500032 5.19999976 1 P 0
L 63.1000008 31.62499898 63.1000008 32.57499962 1 P 0
L 63.23000054 53.3750012 64.17999864 53.3750012 1 P 0
L 63.44500392 43.14199906 63.44500392 44.0919997 1 P 0
L 63.5 4.72499944 63.5 5.67500008 1 P 0
L 63.5 11.19199692 63.5 12.14199756 1 P 0
L 63.5 21.94199574 63.5 22.89199638 1 P 0
L 63.70499832 52.90000088 63.70499832 53.85000152 1 P 0
L 63.85000184 30.74999946 63.85000184 33.44999914 0 P 0
L 64.19500242 42.26699954 64.19500242 44.96699922 0 P 0
L 64.2499985 10.3169974 64.2499985 13.01699708 0 P 0
L 64.2499985 21.06699622 64.2499985 23.7669959 0 P 0
L 64.25000104 3.84999992 64.25000104 6.5499996 0 P 0
L 64.45499936 52.02500136 64.45499936 54.72500104 0 P 0
L 69.9499998 32.35000134 69.9499998 35.05000102 0 P 0
L 69.9499998 32.35000134 71.44999934 32.35000134 0 P 0
L 69.9499998 35.05000102 71.44999934 35.05000102 0 P 0
L 70.22500052 33.70000118 71.17499862 33.70000118 1 P 0
L 70.70000084 33.22500086 70.70000084 34.1750015 1 P 0
L 71.44999934 32.35000134 71.44999934 35.05000102 0 P 0
L 74.89300236 37.52400166 74.89300236 47.17600166 2 P 0
L 74.89300236 37.52400166 85.18000236 37.52400166 2 P 0
L 74.89300236 47.17600166 85.18000236 47.17600166 2 P 0
L 74.94799844 5.57399952 74.94799844 15.22599952 2 P 0
L 74.94799844 5.57399952 85.23499844 5.57399952 2 P 0
L 74.94799844 15.22599952 85.23499844 15.22599952 2 P 0
L 74.94799844 16.32399834 74.94799844 25.97599834 2 P 0
L 74.94799844 16.32399834 85.23499844 16.32399834 2 P 0
L 74.94799844 25.97599834 85.23499844 25.97599834 2 P 0
L 74.94799844 27.3239992 74.94799844 36.9759992 2 P 0
L 74.94799844 27.3239992 85.23499844 27.3239992 2 P 0
L 74.94799844 36.9759992 85.23499844 36.9759992 2 P 0
L 75.14799804 48.4490014 75.14799804 58.1010014 2 P 0
L 75.14799804 48.4490014 85.43499804 48.4490014 2 P 0
L 75.14799804 58.1010014 85.43499804 58.1010014 2 P 0
L 79.46500236 42.35000166 80.73500236 42.35000166 2 P 0
L 79.51999844 10.39999952 80.78999844 10.39999952 2 P 0
L 79.51999844 21.14999834 80.78999844 21.14999834 2 P 0
L 79.51999844 32.1499992 80.78999844 32.1499992 2 P 0
L 79.71999804 53.2750014 80.98999804 53.2750014 2 P 0
L 80.10000236 41.71500166 80.10000236 42.98500166 2 P 0
L 80.15499844 9.76499952 80.15499844 11.03499952 2 P 0
L 80.15499844 20.51499834 80.15499844 21.78499834 2 P 0
L 80.15499844 31.5149992 80.15499844 32.7849992 2 P 0
L 80.35499804 52.6400014 80.35499804 53.9100014 2 P 0
L 85.18000236 37.52400166 85.18000236 47.17600166 2 P 0
L 85.23499844 5.57399952 85.23499844 15.22599952 2 P 0
L 85.23499844 16.32399834 85.23499844 25.97599834 2 P 0
L 85.23499844 27.3239992 85.23499844 36.9759992 2 P 0
L 85.43499804 48.4490014 85.43499804 58.1010014 2 P 0
L 88.35099678 27.6060027 88.35099678 37.2580027 2 P 0
L 88.35099678 27.6060027 98.63799678 27.6060027 2 P 0
L 88.35099678 37.14800038 88.35099678 46.80000038 2 P 0
L 88.35099678 37.14800038 98.63799678 37.14800038 2 P 0
L 88.35099678 37.2580027 98.63799678 37.2580027 2 P 0
L 88.35099678 46.80000038 98.63799678 46.80000038 2 P 0
L 88.49299548 46.99 88.49299548 56.642 2 P 0
L 88.49299548 46.99 98.77999548 46.99 2 P 0
L 88.49299548 56.642 98.77999548 56.642 2 P 0
L 88.85099832 4.95384328 88.85099832 14.60584328 2 P 0
L 88.85099832 4.95384328 99.13799832 4.95384328 2 P 0
L 88.85099832 14.60584328 99.13799832 14.60584328 2 P 0
L 88.85099832 16.95384214 88.85099832 26.60584214 2 P 0
L 88.85099832 16.95384214 99.13799832 16.95384214 2 P 0
L 88.85099832 26.60584214 99.13799832 26.60584214 2 P 0
L 92.79599678 32.4320027 94.06599678 32.4320027 2 P 0
L 92.79599678 41.97400038 94.06599678 41.97400038 2 P 0
L 92.93799548 51.816 94.20799548 51.816 2 P 0
L 93.29599832 9.77984328 94.56599832 9.77984328 2 P 0
L 93.29599832 21.77984214 94.56599832 21.77984214 2 P 0
L 93.43099678 31.7970027 93.43099678 33.0670027 2 P 0
L 93.43099678 41.33900038 93.43099678 42.60900038 2 P 0
L 93.57299548 51.181 93.57299548 52.451 2 P 0
L 93.93099832 9.14484328 93.93099832 10.41484328 2 P 0
L 93.93099832 21.14484214 93.93099832 22.41484214 2 P 0
L 98.63799678 27.6060027 98.63799678 37.2580027 2 P 0
L 98.63799678 37.14800038 98.63799678 46.80000038 2 P 0
L 98.77999548 46.99 98.77999548 56.642 2 P 0
L 98.95000022 37.74999816 98.95000022 39.2499977 0 P 0
L 98.95000022 37.74999816 101.6499999 37.74999816 0 P 0
L 98.95000022 39.2499977 101.6499999 39.2499977 0 P 0
L 99.05000002 54.94999932 99.05000002 57.649999 0 P 0
L 99.05000002 54.94999932 100.54999956 54.94999932 0 P 0
L 99.05000002 57.649999 100.54999956 57.649999 0 P 0
L 99.13799832 4.95384328 99.13799832 14.60584328 2 P 0
L 99.13799832 16.95384214 99.13799832 26.60584214 2 P 0
L 99.32500074 56.29999916 100.27499884 56.29999916 1 P 0
L 99.80000106 55.82499884 99.80000106 56.77499948 1 P 0
L 99.82499974 38.4999992 100.77500038 38.4999992 1 P 0
L 99.84999842 28.14999704 99.84999842 30.84999926 0 P 0
L 99.84999842 28.14999704 101.34999796 28.14999704 0 P 0
L 99.84999842 30.84999926 101.34999796 30.84999926 0 P 0
L 99.94999822 5.44999672 99.94999822 8.14999894 0 P 0
L 99.94999822 5.44999672 101.44999776 5.44999672 0 P 0
L 99.94999822 8.14999894 101.44999776 8.14999894 0 P 0
L 99.94999822 17.44999812 99.94999822 20.15000034 0 P 0
L 99.94999822 17.44999812 101.44999776 17.44999812 0 P 0
L 99.94999822 20.15000034 101.44999776 20.15000034 0 P 0
L 100.12499914 29.49999942 101.07499978 29.49999942 1 P 0
L 100.22499894 6.7999991 101.17499958 6.7999991 1 P 0
L 100.22499894 18.8000005 101.17499958 18.8000005 1 P 0
L 100.30000006 38.02499888 100.30000006 38.97499698 1 P 0
L 100.54999956 54.94999932 100.54999956 57.649999 0 P 0
L 100.59999946 29.0249991 100.59999946 29.9749972 1 P 0
L 100.69999926 6.32499878 100.69999926 7.27499688 1 P 0
L 100.69999926 18.32500018 100.69999926 19.27499828 1 P 0
L 100.84999896 42.14999698 100.84999896 44.8499992 0 P 0
L 100.84999896 42.14999698 102.3499985 42.14999698 0 P 0
L 100.84999896 44.8499992 102.3499985 44.8499992 0 P 0
L 100.84999896 52.0499975 100.84999896 54.74999972 0 P 0
L 100.84999896 52.0499975 102.3499985 52.0499975 0 P 0
L 100.84999896 54.74999972 102.3499985 54.74999972 0 P 0
L 101.12499968 43.49999936 102.07500032 43.49999936 1 P 0
L 101.12499968 53.39999988 102.07500032 53.39999988 1 P 0
L 101.34999796 28.14999704 101.34999796 30.84999926 0 P 0
L 101.44999776 5.44999672 101.44999776 8.14999894 0 P 0
L 101.44999776 17.44999812 101.44999776 20.15000034 0 P 0
L 101.6 43.02499904 101.6 43.97499714 1 P 0
L 101.6 52.92499956 101.6 53.87499766 1 P 0
L 101.61224026 9.53509142 101.61224026 12.2350911 0 P 0
L 101.61224026 9.53509142 103.1122398 9.53509142 0 P 0
L 101.61224026 12.2350911 103.1122398 12.2350911 0 P 0
L 101.6499999 37.74999816 101.6499999 39.2499977 0 P 0
L 101.88724098 10.88509126 102.83723908 10.88509126 1 P 0
L 102.3499985 42.14999698 102.3499985 44.8499992 0 P 0
L 102.3499985 52.0499975 102.3499985 54.74999972 0 P 0
L 102.36223876 10.41009094 102.36223876 11.36009158 1 P 0
L 103.1122398 9.53509142 103.1122398 12.2350911 0 P 0
L 105.87500034 27.75000038 105.87500034 29.24999992 0 P 0
L 105.87500034 27.75000038 108.57500002 27.75000038 0 P 0
L 105.87500034 29.24999992 108.57500002 29.24999992 0 P 0
L 105.90800002 37.60799946 105.90800002 40.30799914 0 P 0
L 105.90800002 37.60799946 107.40799956 37.60799946 0 P 0
L 105.90800002 40.30799914 107.40799956 40.30799914 0 P 0
L 106.04999872 47.44999908 106.04999872 50.14999876 0 P 0
L 106.04999872 47.44999908 107.54999826 47.44999908 0 P 0
L 106.04999872 50.14999876 107.54999826 50.14999876 0 P 0
L 106.10799962 30.46600206 106.10799962 33.16600174 0 P 0
L 106.10799962 30.46600206 107.60799916 30.46600206 0 P 0
L 106.10799962 33.16600174 107.60799916 33.16600174 0 P 0
L 106.18300074 38.9579993 107.13299884 38.9579993 1 P 0
L 106.32499944 48.79999892 107.27499754 48.79999892 1 P 0
L 106.38300034 31.8160019 107.33299844 31.8160019 1 P 0
L 106.40800156 5.41384236 106.40800156 8.11384204 0 P 0
L 106.40800156 5.41384236 107.9080011 5.41384236 0 P 0
L 106.40800156 8.11384204 107.9080011 8.11384204 0 P 0
L 106.40800156 17.41384122 106.40800156 20.1138409 0 P 0
L 106.40800156 17.41384122 107.9080011 17.41384122 0 P 0
L 106.40800156 20.1138409 107.9080011 20.1138409 0 P 0
L 106.65800106 38.48299898 106.65800106 39.43299962 1 P 0
L 106.68300228 6.7638422 107.63300038 6.7638422 1 P 0
L 106.68300228 18.76384106 107.63300038 18.76384106 1 P 0
L 106.74999986 28.49999888 107.7000005 28.49999888 1 P 0
L 106.79999976 48.3249986 106.79999976 49.27499924 1 P 0
L 106.85800066 31.34100158 106.85800066 32.29100222 1 P 0
L 107.1580026 6.28884188 107.1580026 7.23884252 1 P 0
L 107.1580026 18.28884074 107.1580026 19.23884138 1 P 0
L 107.22500018 28.0250011 107.22500018 28.9749992 1 P 0
L 107.40799956 37.60799946 107.40799956 40.30799914 0 P 0
L 107.54999826 47.44999908 107.54999826 50.14999876 0 P 0
L 107.60799916 30.46600206 107.60799916 33.16600174 0 P 0
L 107.9080011 5.41384236 107.9080011 8.11384204 0 P 0
L 107.9080011 17.41384122 107.9080011 20.1138409 0 P 0
L 108.57500002 27.75000038 108.57500002 29.24999992 0 P 0
L 114.3499999 17.35000086 114.3499999 18.8500004 0 P 0
L 114.3499999 17.35000086 117.04999958 17.35000086 0 P 0
L 114.3499999 18.8500004 117.04999958 18.8500004 0 P 0
L 115.22499942 18.09999936 116.17500006 18.09999936 1 P 0
L 115.69999974 17.62500158 115.69999974 18.57499968 1 P 0
L 117.04999958 17.35000086 117.04999958 18.8500004 0 P 0
L 117.64799686 27.40700386 117.64799686 37.05900386 2 P 0
L 117.64799686 27.40700386 127.93499686 27.40700386 2 P 0
L 117.64799686 36.94900154 117.64799686 46.60100154 2 P 0
L 117.64799686 36.94900154 127.93499686 36.94900154 2 P 0
L 117.64799686 37.05900386 127.93499686 37.05900386 2 P 0
L 117.64799686 46.60100154 127.93499686 46.60100154 2 P 0
L 117.78999556 46.79100116 117.78999556 56.44300116 2 P 0
L 117.78999556 46.79100116 128.07699556 46.79100116 2 P 0
L 117.78999556 56.44300116 128.07699556 56.44300116 2 P 0
L 118.1479984 4.75484444 118.1479984 14.40684444 2 P 0
L 118.1479984 4.75484444 128.4349984 4.75484444 2 P 0
L 118.1479984 14.40684444 128.4349984 14.40684444 2 P 0
L 118.1479984 16.7548433 118.1479984 26.4068433 2 P 0
L 118.1479984 16.7548433 128.4349984 16.7548433 2 P 0
L 118.1479984 26.4068433 128.4349984 26.4068433 2 P 0
L 122.21999686 32.23300386 123.48999686 32.23300386 2 P 0
L 122.21999686 41.77500154 123.48999686 41.77500154 2 P 0
L 122.36199556 51.61700116 123.63199556 51.61700116 2 P 0
L 122.7199984 9.58084444 123.9899984 9.58084444 2 P 0
L 122.7199984 21.5808433 123.9899984 21.5808433 2 P 0
L 122.85499686 31.59800386 122.85499686 32.86800386 2 P 0
L 122.85499686 41.14000154 122.85499686 42.41000154 2 P 0
L 122.99699556 50.98200116 122.99699556 52.25200116 2 P 0
L 123.3549984 8.94584444 123.3549984 10.21584444 2 P 0
L 123.3549984 20.9458433 123.3549984 22.2158433 2 P 0
L 127.93499686 27.40700386 127.93499686 37.05900386 2 P 0
L 127.93499686 36.94900154 127.93499686 46.60100154 2 P 0
L 128.07699556 46.79100116 128.07699556 56.44300116 2 P 0
L 128.4349984 4.75484444 128.4349984 14.40684444 2 P 0
L 128.4349984 16.7548433 128.4349984 26.4068433 2 P 0
L 129.59299456 4.95900202 129.59299456 14.61100202 2 P 0
L 129.59299456 4.95900202 139.87999456 4.95900202 2 P 0
L 129.59299456 14.61100202 139.87999456 14.61100202 2 P 0
L 129.79299416 16.75900128 129.79299416 26.41100128 2 P 0
L 129.79299416 16.75900128 140.07999416 16.75900128 2 P 0
L 129.79299416 26.41100128 140.07999416 26.41100128 2 P 0
L 129.79299416 26.7590016 129.79299416 36.4110016 2 P 0
L 129.79299416 26.7590016 140.07999416 26.7590016 2 P 0
L 129.79299416 36.4110016 140.07999416 36.4110016 2 P 0
L 129.79299416 36.75900192 129.79299416 46.41100192 2 P 0
L 129.79299416 36.75900192 140.07999416 36.75900192 2 P 0
L 129.79299416 46.41100192 140.07999416 46.41100192 2 P 0
L 129.79299416 46.75900224 129.79299416 56.41100224 2 P 0
L 129.79299416 46.75900224 140.07999416 46.75900224 2 P 0
L 129.79299416 56.41100224 140.07999416 56.41100224 2 P 0
L 134.03799456 9.78500202 135.30799456 9.78500202 2 P 0
L 134.23799416 21.58500128 135.50799416 21.58500128 2 P 0
L 134.23799416 31.5850016 135.50799416 31.5850016 2 P 0
L 134.23799416 41.58500192 135.50799416 41.58500192 2 P 0
L 134.23799416 51.58500224 135.50799416 51.58500224 2 P 0
L 134.67299456 9.15000202 134.67299456 10.42000202 2 P 0
L 134.87299416 20.95000128 134.87299416 22.22000128 2 P 0
L 134.87299416 30.9500016 134.87299416 32.2200016 2 P 0
L 134.87299416 40.95000192 134.87299416 42.22000192 2 P 0
L 134.87299416 50.95000224 134.87299416 52.22000224 2 P 0
L 139.87999456 4.95900202 139.87999456 14.61100202 2 P 0
L 140.07999416 16.75900128 140.07999416 26.41100128 2 P 0
L 140.07999416 26.7590016 140.07999416 36.4110016 2 P 0
L 140.07999416 36.75900192 140.07999416 46.41100192 2 P 0
L 140.07999416 46.75900224 140.07999416 56.41100224 2 P 0
L 140.75000044 31.85000234 140.75000044 33.35000188 0 P 0
L 140.75000044 31.85000234 143.45000012 31.85000234 0 P 0
L 140.75000044 33.35000188 143.45000012 33.35000188 0 P 0
L 140.85000024 27.14999904 140.85000024 29.85000126 0 P 0
L 140.85000024 27.14999904 142.34999978 27.14999904 0 P 0
L 140.85000024 29.85000126 142.34999978 29.85000126 0 P 0
L 140.95000004 37.14999682 140.95000004 39.84999904 0 P 0
L 140.95000004 37.14999682 142.44999958 37.14999682 0 P 0
L 140.95000004 39.84999904 142.44999958 39.84999904 0 P 0
L 141.12499842 28.49999888 142.07499906 28.49999888 1 P 0
L 141.22500076 38.4999992 142.1750014 38.4999992 1 P 0
L 141.27500066 46.35000128 141.27500066 47.85000082 0 P 0
L 141.27500066 46.35000128 143.97500034 46.35000128 0 P 0
L 141.27500066 47.85000082 143.97500034 47.85000082 0 P 0
L 141.3499967 52.35000198 141.3499967 53.85000152 0 P 0
L 141.3499967 52.35000198 144.04999892 52.35000198 0 P 0
L 141.3499967 53.85000152 144.04999892 53.85000152 0 P 0
L 141.59999874 28.0250011 141.59999874 28.9749992 1 P 0
L 141.62499996 32.60000084 142.5750006 32.60000084 1 P 0
L 141.70000108 38.02499888 141.70000108 38.97499698 1 P 0
L 142.10000028 32.12500306 142.10000028 33.07500116 1 P 0
L 142.15000018 47.09999978 143.10000082 47.09999978 1 P 0
L 142.22499876 53.10000048 143.17499686 53.10000048 1 P 0
L 142.34999978 27.14999904 142.34999978 29.85000126 0 P 0
L 142.44999958 37.14999682 142.44999958 39.84999904 0 P 0
L 142.6250005 46.625002 142.6250005 47.5750001 1 P 0
L 142.69999908 52.62500016 142.69999908 53.5750008 1 P 0
L 143.45000012 31.85000234 143.45000012 33.35000188 0 P 0
L 143.97500034 46.35000128 143.97500034 47.85000082 0 P 0
L 144.04999892 52.35000198 144.04999892 53.85000152 0 P 0
L 144.25000106 37.6500009 144.25000106 39.15000044 0 P 0
L 144.25000106 37.6500009 146.95000074 37.6500009 0 P 0
L 144.25000106 39.15000044 146.95000074 39.15000044 0 P 0
L 145.12500058 38.3999994 146.07500122 38.3999994 1 P 0
L 145.44999866 15.84999878 145.44999866 18.550001 0 P 0
L 145.44999866 15.84999878 146.9499982 15.84999878 0 P 0
L 145.44999866 18.550001 146.9499982 18.550001 0 P 0
L 145.6000009 37.92500162 145.6000009 38.87499972 1 P 0
L 145.72499938 17.20000116 146.67500002 17.20000116 1 P 0
L 145.7500006 5.24999966 145.7500006 7.94999934 0 P 0
L 145.7500006 5.24999966 147.25000014 5.24999966 0 P 0
L 145.7500006 7.94999934 147.25000014 7.94999934 0 P 0
L 146.02500132 6.5999995 146.97499942 6.5999995 1 P 0
L 146.1999997 16.72500084 146.1999997 17.67499894 1 P 0
L 146.31900124 41.55000326 146.31900124 43.0500028 0 P 0
L 146.31900124 41.55000326 149.01900092 41.55000326 0 P 0
L 146.31900124 43.0500028 149.01900092 43.0500028 0 P 0
L 146.4999991 6.12499918 146.4999991 7.07499982 1 P 0
L 146.9499982 15.84999878 146.9499982 18.550001 0 P 0
L 146.95000074 37.6500009 146.95000074 39.15000044 0 P 0
L 147.19400076 42.30000176 148.1440014 42.30000176 1 P 0
L 147.25000014 5.24999966 147.25000014 7.94999934 0 P 0
L 147.3499974 17.21900036 147.3499974 19.91900004 0 P 0
L 147.3499974 17.21900036 148.84999694 17.21900036 0 P 0
L 147.3499974 19.91900004 148.84999694 19.91900004 0 P 0
L 147.3499974 27.21900068 147.3499974 29.91900036 0 P 0
L 147.3499974 27.21900068 148.84999694 27.21900068 0 P 0
L 147.3499974 29.91900036 148.84999694 29.91900036 0 P 0
L 147.3499974 47.21900132 147.3499974 49.919001 0 P 0
L 147.3499974 47.21900132 148.84999694 47.21900132 0 P 0
L 147.3499974 49.919001 148.84999694 49.919001 0 P 0
L 147.54999954 15.55000192 147.54999954 17.05000146 0 P 0
L 147.54999954 15.55000192 150.24999922 15.55000192 0 P 0
L 147.54999954 17.05000146 150.24999922 17.05000146 0 P 0
L 147.62499812 18.5690002 148.57499622 18.5690002 1 P 0
L 147.62499812 28.56900052 148.57499622 28.56900052 1 P 0
L 147.62499812 48.56900116 148.57499622 48.56900116 1 P 0
L 147.66900108 41.82500398 147.66900108 42.77500208 1 P 0
L 148.09999844 18.09399988 148.09999844 19.04400052 1 P 0
L 148.09999844 28.0940002 148.09999844 29.04400084 1 P 0
L 148.09999844 48.09400084 148.09999844 49.04400148 1 P 0
L 148.42499906 16.30000042 149.3749997 16.30000042 1 P 0
L 148.84999694 17.21900036 148.84999694 19.91900004 0 P 0
L 148.84999694 27.21900068 148.84999694 29.91900036 0 P 0
L 148.84999694 47.21900132 148.84999694 49.919001 0 P 0
L 148.89999938 15.82500264 148.89999938 16.77500074 1 P 0
L 149.01900092 41.55000326 149.01900092 43.0500028 0 P 0
L 150.24999922 7.1499984 150.24999922 9.85000062 0 P 0
L 150.24999922 7.1499984 151.74999876 7.1499984 0 P 0
L 150.24999922 9.85000062 151.74999876 9.85000062 0 P 0
L 150.24999922 15.55000192 150.24999922 17.05000146 0 P 0
L 150.52499994 8.50000078 151.47500058 8.50000078 1 P 0
L 151.00000026 8.02500046 151.00000026 8.97499856 1 P 0
L 151.74999876 7.1499984 151.74999876 9.85000062 0 P 0
L 153.89999954 7.82500086 153.89999954 10.52500054 0 P 0
L 153.89999954 7.82500086 155.39999908 7.82500086 0 P 0
L 153.89999954 10.52500054 155.39999908 10.52500054 0 P 0
L 154.17500026 9.1750007 155.12499836 9.1750007 1 P 0
L 154.65000058 8.70000038 154.65000058 9.65000102 1 P 0
L 155.39999908 7.82500086 155.39999908 10.52500054 0 P 0
L 158.88999464 4.76000318 158.88999464 14.41200318 2 P 0
L 158.88999464 4.76000318 169.17699464 4.76000318 2 P 0
L 158.88999464 14.41200318 169.17699464 14.41200318 2 P 0
L 159.08999424 16.56000244 159.08999424 26.21200244 2 P 0
L 159.08999424 16.56000244 169.37699424 16.56000244 2 P 0
L 159.08999424 26.21200244 169.37699424 26.21200244 2 P 0
L 159.08999424 26.56000276 159.08999424 36.21200276 2 P 0
L 159.08999424 26.56000276 169.37699424 26.56000276 2 P 0
L 159.08999424 36.21200276 169.37699424 36.21200276 2 P 0
L 159.08999424 36.56000308 159.08999424 46.21200308 2 P 0
L 159.08999424 36.56000308 169.37699424 36.56000308 2 P 0
L 159.08999424 46.21200308 169.37699424 46.21200308 2 P 0
L 159.08999424 46.5600034 159.08999424 56.2120034 2 P 0
L 159.08999424 46.5600034 169.37699424 46.5600034 2 P 0
L 159.08999424 56.2120034 169.37699424 56.2120034 2 P 0
L 163.46199464 9.58600318 164.73199464 9.58600318 2 P 0
L 163.66199424 21.38600244 164.93199424 21.38600244 2 P 0
L 163.66199424 31.38600276 164.93199424 31.38600276 2 P 0
L 163.66199424 41.38600308 164.93199424 41.38600308 2 P 0
L 163.66199424 51.3860034 164.93199424 51.3860034 2 P 0
L 164.09699464 8.95100318 164.09699464 10.22100318 2 P 0
L 164.29699424 20.75100244 164.29699424 22.02100244 2 P 0
L 164.29699424 30.75100276 164.29699424 32.02100276 2 P 0
L 164.29699424 40.75100308 164.29699424 42.02100308 2 P 0
L 164.29699424 50.7510034 164.29699424 52.0210034 2 P 0
L 169.17699464 4.76000318 169.17699464 14.41200318 2 P 0
L 169.37699424 16.56000244 169.37699424 26.21200244 2 P 0
L 169.37699424 26.56000276 169.37699424 36.21200276 2 P 0
L 169.37699424 36.56000308 169.37699424 46.21200308 2 P 0
L 169.37699424 46.5600034 169.37699424 56.2120034 2 P 0
