UNITS=MM
#Layer_Color=32768
#
#Feature symbol names
#
$0 r199.9996
$1 r99.9998
$2 r49.9999

#
#Feature attribute names
#

#
#Layer features
#
L 3.0509972 6.77500296 3.0509972 16.42700296 0 P 0
L 3.0509972 6.77500296 13.3379972 6.77500296 0 P 0
L 3.0509972 16.42700296 13.3379972 16.42700296 0 P 0
L 3.3140015 16.8789985 3.3140015 26.5309985 0 P 0
L 3.3140015 16.8789985 13.6010015 16.8789985 0 P 0
L 3.3140015 26.5309985 13.6010015 26.5309985 0 P 0
L 3.43900252 26.97899862 3.43900252 36.63099862 0 P 0
L 3.43900252 26.97899862 13.72600252 26.97899862 0 P 0
L 3.43900252 36.63099862 13.72600252 36.63099862 0 P 0
L 3.45099894 37.27500038 3.45099894 46.92700038 0 P 0
L 3.45099894 37.27500038 13.73799894 37.27500038 0 P 0
L 3.45099894 46.92700038 13.73799894 46.92700038 0 P 0
L 3.64600236 47.22299928 3.64600236 56.87499928 0 P 0
L 3.64600236 47.22299928 13.93300236 47.22299928 0 P 0
L 3.64600236 56.87499928 13.93300236 56.87499928 0 P 0
L 7.4959972 11.60100296 8.7659972 11.60100296 0 P 0
L 7.7590015 21.7049985 9.0290015 21.7049985 0 P 0
L 7.88400252 31.80499862 9.15400252 31.80499862 0 P 0
L 7.89599894 42.10100038 9.16599894 42.10100038 0 P 0
L 8.09100236 52.04899928 9.36100236 52.04899928 0 P 0
L 8.1309972 10.96600296 8.1309972 12.23600296 0 P 0
L 8.3940015 21.0699985 8.3940015 22.3399985 0 P 0
L 8.51900252 31.16999862 8.51900252 32.43999862 0 P 0
L 8.53099894 41.46600038 8.53099894 42.73600038 0 P 0
L 8.72600236 51.41399928 8.72600236 52.68399928 0 P 0
L 13.3379972 6.77500296 13.3379972 16.42700296 0 P 0
L 13.6010015 16.8789985 13.6010015 26.5309985 0 P 0
L 13.72600252 26.97899862 13.72600252 36.63099862 0 P 0
L 13.73799894 37.27500038 13.73799894 46.92700038 0 P 0
L 13.93300236 47.22299928 13.93300236 56.87499928 0 P 0
L 15.53699712 11.1460026 15.53699712 12.84600428 2 P 0
L 15.53699712 11.1460026 18.5369962 11.1460026 2 P 0
L 15.53699712 12.84600428 18.5369962 12.84600428 2 P 0
L 15.80000142 21.24999814 15.80000142 22.94999982 2 P 0
L 15.80000142 21.24999814 18.8000005 21.24999814 2 P 0
L 15.80000142 22.94999982 18.8000005 22.94999982 2 P 0
L 16.54199638 11.99600344 17.53199694 11.99600344 1 P 0
L 16.80500068 22.09999898 17.79500124 22.09999898 1 P 0
L 17.03699666 11.50100316 17.03699666 12.49100372 1 P 0
L 17.30000096 21.6049987 17.30000096 22.59499926 1 P 0
L 17.46800164 31.40599764 17.46800164 33.10599932 2 P 0
L 17.46800164 31.40599764 20.46800072 31.40599764 2 P 0
L 17.46800164 33.10599932 20.46800072 33.10599932 2 P 0
L 17.47999806 41.7019994 17.47999806 43.40200108 2 P 0
L 17.47999806 41.7019994 20.47999714 41.7019994 2 P 0
L 17.47999806 43.40200108 20.47999714 43.40200108 2 P 0
L 17.67500148 51.6499983 17.67500148 53.34999998 2 P 0
L 17.67500148 51.6499983 20.67500056 51.6499983 2 P 0
L 17.67500148 53.34999998 20.67500056 53.34999998 2 P 0
L 18.4730009 32.25599848 19.46300146 32.25599848 1 P 0
L 18.48499732 42.55200024 19.47499788 42.55200024 1 P 0
L 18.5369962 11.1460026 18.5369962 12.84600428 2 P 0
L 18.68000074 52.49999914 19.6700013 52.49999914 1 P 0
L 18.8000005 21.24999814 18.8000005 22.94999982 2 P 0
L 18.96800118 31.7609982 18.96800118 32.75099876 1 P 0
L 18.9799976 42.05699996 18.9799976 43.04700052 1 P 0
L 19.17500102 52.00499886 19.17500102 52.99499942 1 P 0
L 20.15499906 10.15200408 20.15499906 12.85200376 2 P 0
L 20.15499906 10.15200408 21.6549986 10.15200408 2 P 0
L 20.15499906 12.85200376 21.6549986 12.85200376 2 P 0
L 20.41800336 20.25599962 20.41800336 22.9559993 2 P 0
L 20.41800336 20.25599962 21.9180029 20.25599962 2 P 0
L 20.41800336 22.9559993 21.9180029 22.9559993 2 P 0
L 20.42999978 11.50200392 21.37999788 11.50200392 1 P 0
L 20.46800072 31.40599764 20.46800072 33.10599932 2 P 0
L 20.47999714 41.7019994 20.47999714 43.40200108 2 P 0
L 20.54300438 30.35599974 20.54300438 33.05599942 2 P 0
L 20.54300438 30.35599974 22.04300392 30.35599974 2 P 0
L 20.54300438 33.05599942 22.04300392 33.05599942 2 P 0
L 20.5550008 40.6520015 20.5550008 43.35200118 2 P 0
L 20.5550008 40.6520015 22.05500034 40.6520015 2 P 0
L 20.5550008 43.35200118 22.05500034 43.35200118 2 P 0
L 20.67500056 51.6499983 20.67500056 53.34999998 2 P 0
L 20.69300408 21.60599946 21.64300218 21.60599946 1 P 0
L 20.75000422 50.6000004 20.75000422 53.30000008 2 P 0
L 20.75000422 50.6000004 22.25000376 50.6000004 2 P 0
L 20.75000422 53.30000008 22.25000376 53.30000008 2 P 0
L 20.8180051 31.70599958 21.7680032 31.70599958 1 P 0
L 20.83000152 42.00200134 21.77999962 42.00200134 1 P 0
L 20.90499756 11.0270036 20.90499756 11.97700424 1 P 0
L 21.02500494 51.95000024 21.97500304 51.95000024 1 P 0
L 21.16800186 21.13099914 21.16800186 22.08099978 1 P 0
L 21.29300288 31.23099926 21.29300288 32.1809999 1 P 0
L 21.3049993 41.52700102 21.3049993 42.47700166 1 P 0
L 21.50000272 51.47499992 21.50000272 52.42500056 1 P 0
L 21.6549986 10.15200408 21.6549986 12.85200376 2 P 0
L 21.9180029 20.25599962 21.9180029 22.9559993 2 P 0
L 22.0049979 41.7019994 22.0049979 43.40200108 2 P 0
L 22.0049979 41.7019994 25.00499698 41.7019994 2 P 0
L 22.0049979 43.40200108 25.00499698 43.40200108 2 P 0
L 22.04300392 30.35599974 22.04300392 33.05599942 2 P 0
L 22.05500034 40.6520015 22.05500034 43.35200118 2 P 0
L 22.20000132 51.6499983 22.20000132 53.34999998 2 P 0
L 22.20000132 51.6499983 25.2000004 51.6499983 2 P 0
L 22.20000132 53.34999998 25.2000004 53.34999998 2 P 0
L 22.25000376 50.6000004 22.25000376 53.30000008 2 P 0
L 23.00999716 42.55200024 23.99999772 42.55200024 1 P 0
L 23.20500058 52.49999914 24.19500114 52.49999914 1 P 0
L 23.50499744 42.05699996 23.50499744 43.04700052 1 P 0
L 23.70000086 52.00499886 23.70000086 52.99499942 1 P 0
L 25.00499698 41.7019994 25.00499698 43.40200108 2 P 0
L 25.2000004 51.6499983 25.2000004 53.34999998 2 P 0
L 25.97500012 21.24999814 25.97500012 22.94999982 2 P 0
L 25.97500012 21.24999814 28.9749992 21.24999814 2 P 0
L 25.97500012 22.94999982 28.9749992 22.94999982 2 P 0
L 26.10000114 31.34999826 26.10000114 33.04999994 2 P 0
L 26.10000114 31.34999826 29.10000022 31.34999826 2 P 0
L 26.10000114 33.04999994 29.10000022 33.04999994 2 P 0
L 26.97999938 22.09999898 27.96999994 22.09999898 1 P 0
L 27.1050004 32.1999991 28.09500096 32.1999991 1 P 0
L 27.47499966 21.6049987 27.47499966 22.59499926 1 P 0
L 27.60000068 31.70499882 27.60000068 32.69499938 1 P 0
L 28.90000062 12.24999836 28.90000062 13.95000004 2 P 0
L 28.90000062 12.24999836 31.8999997 12.24999836 2 P 0
L 28.90000062 13.95000004 31.8999997 13.95000004 2 P 0
L 28.9749992 21.24999814 28.9749992 22.94999982 2 P 0
L 29.10000022 31.34999826 29.10000022 33.04999994 2 P 0
L 29.90499988 13.0999992 30.89500044 13.0999992 1 P 0
L 30.40000016 12.60499892 30.40000016 13.59499948 1 P 0
L 31.8999997 12.24999836 31.8999997 13.95000004 2 P 0
L 32.34799728 6.57600412 32.34799728 16.22800412 0 P 0
L 32.34799728 6.57600412 42.63499728 6.57600412 0 P 0
L 32.34799728 16.22800412 42.63499728 16.22800412 0 P 0
L 32.61100158 16.67999966 32.61100158 26.33199966 0 P 0
L 32.61100158 16.67999966 42.89800158 16.67999966 0 P 0
L 32.61100158 26.33199966 42.89800158 26.33199966 0 P 0
L 32.7360026 26.77999978 32.7360026 36.43199978 0 P 0
L 32.7360026 26.77999978 43.0230026 26.77999978 0 P 0
L 32.7360026 36.43199978 43.0230026 36.43199978 0 P 0
L 32.74799902 37.07600154 32.74799902 46.72800154 0 P 0
L 32.74799902 37.07600154 43.03499902 37.07600154 0 P 0
L 32.74799902 46.72800154 43.03499902 46.72800154 0 P 0
L 32.94300244 47.02400044 32.94300244 56.67600044 0 P 0
L 32.94300244 47.02400044 43.23000244 47.02400044 0 P 0
L 32.94300244 56.67600044 43.23000244 56.67600044 0 P 0
L 36.91999728 11.40200412 38.18999728 11.40200412 0 P 0
L 37.18300158 21.50599966 38.45300158 21.50599966 0 P 0
L 37.3080026 31.60599978 38.5780026 31.60599978 0 P 0
L 37.31999902 41.90200154 38.58999902 41.90200154 0 P 0
L 37.51500244 51.85000044 38.78500244 51.85000044 0 P 0
L 37.55499728 10.76700412 37.55499728 12.03700412 0 P 0
L 37.81800158 20.87099966 37.81800158 22.14099966 0 P 0
L 37.9430026 30.97099978 37.9430026 32.24099978 0 P 0
L 37.95499902 41.26700154 37.95499902 42.53700154 0 P 0
L 38.15000244 51.21500044 38.15000244 52.48500044 0 P 0
L 42.63499728 6.57600412 42.63499728 16.22800412 0 P 0
L 42.89800158 16.67999966 42.89800158 26.33199966 0 P 0
L 43.0230026 26.77999978 43.0230026 36.43199978 0 P 0
L 43.03499902 37.07600154 43.03499902 46.72800154 0 P 0
L 43.23000244 47.02400044 43.23000244 56.67600044 0 P 0
L 45.59600228 37.7230005 45.59600228 47.3750005 0 P 0
L 45.59600228 37.7230005 55.88300228 37.7230005 0 P 0
L 45.59600228 47.3750005 55.88300228 47.3750005 0 P 0
L 45.65099836 5.77299836 45.65099836 15.42499836 0 P 0
L 45.65099836 5.77299836 55.93799836 5.77299836 0 P 0
L 45.65099836 15.42499836 55.93799836 15.42499836 0 P 0
L 45.65099836 16.52299718 45.65099836 26.17499718 0 P 0
L 45.65099836 16.52299718 55.93799836 16.52299718 0 P 0
L 45.65099836 26.17499718 55.93799836 26.17499718 0 P 0
L 45.65099836 27.52299804 45.65099836 37.17499804 0 P 0
L 45.65099836 27.52299804 55.93799836 27.52299804 0 P 0
L 45.65099836 37.17499804 55.93799836 37.17499804 0 P 0
L 45.85099796 48.64800024 45.85099796 58.30000024 0 P 0
L 45.85099796 48.64800024 56.13799796 48.64800024 0 P 0
L 45.85099796 58.30000024 56.13799796 58.30000024 0 P 0
L 50.04100228 42.5490005 51.31100228 42.5490005 0 P 0
L 50.09599836 10.59899836 51.36599836 10.59899836 0 P 0
L 50.09599836 21.34899718 51.36599836 21.34899718 0 P 0
L 50.09599836 32.34899804 51.36599836 32.34899804 0 P 0
L 50.29599796 53.47400024 51.56599796 53.47400024 0 P 0
L 50.67600228 41.9140005 50.67600228 43.1840005 0 P 0
L 50.73099836 9.96399836 50.73099836 11.23399836 0 P 0
L 50.73099836 20.71399718 50.73099836 21.98399718 0 P 0
L 50.73099836 31.71399804 50.73099836 32.98399804 0 P 0
L 50.93099796 52.83900024 50.93099796 54.10900024 0 P 0
L 55.88300228 37.7230005 55.88300228 47.3750005 0 P 0
L 55.93799836 5.77299836 55.93799836 15.42499836 0 P 0
L 55.93799836 16.52299718 55.93799836 26.17499718 0 P 0
L 55.93799836 27.52299804 55.93799836 37.17499804 0 P 0
L 56.13799796 48.64800024 56.13799796 58.30000024 0 P 0
L 58.15000054 10.62500034 58.15000054 13.62499942 2 P 0
L 58.15000054 10.62500034 59.85000222 10.62500034 2 P 0
L 58.15000054 13.62499942 59.85000222 13.62499942 2 P 0
L 58.15000054 21.37499916 58.15000054 24.37499824 2 P 0
L 58.15000054 21.37499916 59.85000222 21.37499916 2 P 0
L 58.15000054 24.37499824 59.85000222 24.37499824 2 P 0
L 58.15000054 32.37500002 58.15000054 35.3749991 2 P 0
L 58.15000054 32.37500002 59.85000222 32.37500002 2 P 0
L 58.15000054 35.3749991 59.85000222 35.3749991 2 P 0
L 58.5050011 12.12499988 59.49500166 12.12499988 1 P 0
L 58.5050011 22.8749987 59.49500166 22.8749987 1 P 0
L 58.5050011 33.87499956 59.49500166 33.87499956 1 P 0
L 59.00000138 11.6299996 59.00000138 12.62000016 1 P 0
L 59.00000138 22.37999842 59.00000138 23.36999898 1 P 0
L 59.00000138 33.37999928 59.00000138 34.36999984 1 P 0
L 59.6250014 42.14999952 59.6250014 43.8500012 2 P 0
L 59.6250014 42.14999952 62.62500048 42.14999952 2 P 0
L 59.6250014 43.8500012 62.62500048 43.8500012 2 P 0
L 59.85000222 10.62500034 59.85000222 13.62499942 2 P 0
L 59.85000222 21.37499916 59.85000222 24.37499824 2 P 0
L 59.85000222 32.37500002 59.85000222 35.3749991 2 P 0
L 59.87999708 53.07499926 59.87999708 54.77500094 2 P 0
L 59.87999708 53.07499926 62.87999616 53.07499926 2 P 0
L 59.87999708 54.77500094 62.87999616 54.77500094 2 P 0
L 60.63000066 43.00000036 61.62000122 43.00000036 1 P 0
L 60.88499634 53.9250001 61.8749969 53.9250001 1 P 0
L 61.12500094 42.50500008 61.12500094 43.49500064 1 P 0
L 61.37999662 53.42999982 61.37999662 54.42000038 1 P 0
L 62.62500048 42.14999952 62.62500048 43.8500012 2 P 0
L 62.69500288 42.26699954 62.69500288 44.96699922 2 P 0
L 62.69500288 42.26699954 64.19500242 42.26699954 2 P 0
L 62.69500288 44.96699922 64.19500242 44.96699922 2 P 0
L 62.74999896 10.3169974 62.74999896 13.01699708 2 P 0
L 62.74999896 10.3169974 64.2499985 10.3169974 2 P 0
L 62.74999896 13.01699708 64.2499985 13.01699708 2 P 0
L 62.74999896 21.06699622 62.74999896 23.7669959 2 P 0
L 62.74999896 21.06699622 64.2499985 21.06699622 2 P 0
L 62.74999896 23.7669959 64.2499985 23.7669959 2 P 0
L 62.74999896 32.06699708 62.74999896 34.76699676 2 P 0
L 62.74999896 32.06699708 64.2499985 32.06699708 2 P 0
L 62.74999896 34.76699676 64.2499985 34.76699676 2 P 0
L 62.87999616 53.07499926 62.87999616 54.77500094 2 P 0
L 62.95499982 52.02500136 62.95499982 54.72500104 2 P 0
L 62.95499982 52.02500136 64.45499936 52.02500136 2 P 0
L 62.95499982 54.72500104 64.45499936 54.72500104 2 P 0
L 62.9700036 43.61699938 63.9200017 43.61699938 1 P 0
L 63.02499968 11.66699724 63.97499778 11.66699724 1 P 0
L 63.02499968 22.41699606 63.97499778 22.41699606 1 P 0
L 63.02499968 33.41699692 63.97499778 33.41699692 1 P 0
L 63.23000054 53.3750012 64.17999864 53.3750012 1 P 0
L 63.44500392 43.14199906 63.44500392 44.0919997 1 P 0
L 63.5 11.19199692 63.5 12.14199756 1 P 0
L 63.5 21.94199574 63.5 22.89199638 1 P 0
L 63.5 32.9419966 63.5 33.89199724 1 P 0
L 63.70499832 52.90000088 63.70499832 53.85000152 1 P 0
L 64.15000124 42.14999952 64.15000124 43.8500012 2 P 0
L 64.15000124 42.14999952 67.15000032 42.14999952 2 P 0
L 64.15000124 43.8500012 67.15000032 43.8500012 2 P 0
L 64.19500242 42.26699954 64.19500242 44.96699922 2 P 0
L 64.20499732 31.94999706 64.20499732 33.64999874 2 P 0
L 64.20499732 31.94999706 67.2049964 31.94999706 2 P 0
L 64.20499732 33.64999874 67.2049964 33.64999874 2 P 0
L 64.2499985 10.3169974 64.2499985 13.01699708 2 P 0
L 64.2499985 21.06699622 64.2499985 23.7669959 2 P 0
L 64.2499985 32.06699708 64.2499985 34.76699676 2 P 0
L 64.40499692 53.07499926 64.40499692 54.77500094 2 P 0
L 64.40499692 53.07499926 67.404996 53.07499926 2 P 0
L 64.40499692 54.77500094 67.404996 54.77500094 2 P 0
L 64.45499936 52.02500136 64.45499936 54.72500104 2 P 0
L 65.1550005 43.00000036 66.14500106 43.00000036 1 P 0
L 65.20999658 32.7999979 66.19999714 32.7999979 1 P 0
L 65.40999618 53.9250001 66.39999674 53.9250001 1 P 0
L 65.65000078 42.50500008 65.65000078 43.49500064 1 P 0
L 65.70499686 32.30499762 65.70499686 33.29499818 1 P 0
L 65.90499646 53.42999982 65.90499646 54.42000038 1 P 0
L 67.15000032 42.14999952 67.15000032 43.8500012 2 P 0
L 67.2049964 31.94999706 67.2049964 33.64999874 2 P 0
L 67.404996 53.07499926 67.404996 54.77500094 2 P 0
L 69.75499892 10.2249986 69.75499892 13.22499768 2 P 0
L 69.75499892 10.2249986 71.4550006 10.2249986 2 P 0
L 69.75499892 13.22499768 71.4550006 13.22499768 2 P 0
L 69.75499892 20.97499742 69.75499892 23.9749965 2 P 0
L 69.75499892 20.97499742 71.4550006 20.97499742 2 P 0
L 69.75499892 23.9749965 71.4550006 23.9749965 2 P 0
L 70.10999948 11.72499814 71.10000004 11.72499814 1 P 0
L 70.10999948 22.47499696 71.10000004 22.47499696 1 P 0
L 70.60499976 11.22999786 70.60499976 12.21999842 1 P 0
L 70.60499976 21.97999668 70.60499976 22.96999724 1 P 0
L 71.4550006 10.2249986 71.4550006 13.22499768 2 P 0
L 71.4550006 20.97499742 71.4550006 23.9749965 2 P 0
L 74.89300236 37.52400166 74.89300236 47.17600166 0 P 0
L 74.89300236 37.52400166 85.18000236 37.52400166 0 P 0
L 74.89300236 47.17600166 85.18000236 47.17600166 0 P 0
L 74.94799844 5.57399952 74.94799844 15.22599952 0 P 0
L 74.94799844 5.57399952 85.23499844 5.57399952 0 P 0
L 74.94799844 15.22599952 85.23499844 15.22599952 0 P 0
L 74.94799844 16.32399834 74.94799844 25.97599834 0 P 0
L 74.94799844 16.32399834 85.23499844 16.32399834 0 P 0
L 74.94799844 25.97599834 85.23499844 25.97599834 0 P 0
L 74.94799844 27.3239992 74.94799844 36.9759992 0 P 0
L 74.94799844 27.3239992 85.23499844 27.3239992 0 P 0
L 74.94799844 36.9759992 85.23499844 36.9759992 0 P 0
L 75.14799804 48.4490014 75.14799804 58.1010014 0 P 0
L 75.14799804 48.4490014 85.43499804 48.4490014 0 P 0
L 75.14799804 58.1010014 85.43499804 58.1010014 0 P 0
L 79.46500236 42.35000166 80.73500236 42.35000166 0 P 0
L 79.51999844 10.39999952 80.78999844 10.39999952 0 P 0
L 79.51999844 21.14999834 80.78999844 21.14999834 0 P 0
L 79.51999844 32.1499992 80.78999844 32.1499992 0 P 0
L 79.71999804 53.2750014 80.98999804 53.2750014 0 P 0
L 80.10000236 41.71500166 80.10000236 42.98500166 0 P 0
L 80.15499844 9.76499952 80.15499844 11.03499952 0 P 0
L 80.15499844 20.51499834 80.15499844 21.78499834 0 P 0
L 80.15499844 31.5149992 80.15499844 32.7849992 0 P 0
L 80.35499804 52.6400014 80.35499804 53.9100014 0 P 0
L 85.18000236 37.52400166 85.18000236 47.17600166 0 P 0
L 85.23499844 5.57399952 85.23499844 15.22599952 0 P 0
L 85.23499844 16.32399834 85.23499844 25.97599834 0 P 0
L 85.23499844 27.3239992 85.23499844 36.9759992 0 P 0
L 85.43499804 48.4490014 85.43499804 58.1010014 0 P 0
L 88.35099678 27.6060027 88.35099678 37.2580027 0 P 0
L 88.35099678 27.6060027 98.63799678 27.6060027 0 P 0
L 88.35099678 37.14800038 88.35099678 46.80000038 0 P 0
L 88.35099678 37.14800038 98.63799678 37.14800038 0 P 0
L 88.35099678 37.2580027 98.63799678 37.2580027 0 P 0
L 88.35099678 46.80000038 98.63799678 46.80000038 0 P 0
L 88.49299548 46.99 88.49299548 56.642 0 P 0
L 88.49299548 46.99 98.77999548 46.99 0 P 0
L 88.49299548 56.642 98.77999548 56.642 0 P 0
L 88.85099832 4.95384328 88.85099832 14.60584328 0 P 0
L 88.85099832 4.95384328 99.13799832 4.95384328 0 P 0
L 88.85099832 14.60584328 99.13799832 14.60584328 0 P 0
L 88.85099832 16.95384214 88.85099832 26.60584214 0 P 0
L 88.85099832 16.95384214 99.13799832 16.95384214 0 P 0
L 88.85099832 26.60584214 99.13799832 26.60584214 0 P 0
L 92.79599678 32.4320027 94.06599678 32.4320027 0 P 0
L 92.79599678 41.97400038 94.06599678 41.97400038 0 P 0
L 92.93799548 51.816 94.20799548 51.816 0 P 0
L 93.29599832 9.77984328 94.56599832 9.77984328 0 P 0
L 93.29599832 21.77984214 94.56599832 21.77984214 0 P 0
L 93.43099678 31.7970027 93.43099678 33.0670027 0 P 0
L 93.43099678 41.33900038 93.43099678 42.60900038 0 P 0
L 93.57299548 51.181 93.57299548 52.451 0 P 0
L 93.93099832 9.14484328 93.93099832 10.41484328 0 P 0
L 93.93099832 21.14484214 93.93099832 22.41484214 0 P 0
L 98.63799678 27.6060027 98.63799678 37.2580027 0 P 0
L 98.63799678 37.14800038 98.63799678 46.80000038 0 P 0
L 98.77999548 46.99 98.77999548 56.642 0 P 0
L 99.13799832 4.95384328 99.13799832 14.60584328 0 P 0
L 99.13799832 16.95384214 99.13799832 26.60584214 0 P 0
L 99.34999688 27.90000008 99.34999688 30.89999916 2 P 0
L 99.34999688 27.90000008 101.04999856 27.90000008 2 P 0
L 99.34999688 30.89999916 101.04999856 30.89999916 2 P 0
L 99.70499744 29.39999962 100.694998 29.39999962 1 P 0
L 99.84999842 5.24784066 99.84999842 8.24783974 2 P 0
L 99.84999842 5.24784066 101.5500001 5.24784066 2 P 0
L 99.84999842 8.24783974 101.5500001 8.24783974 2 P 0
L 99.84999842 17.24783952 99.84999842 20.2478386 2 P 0
L 99.84999842 17.24783952 101.5500001 17.24783952 2 P 0
L 99.84999842 20.2478386 101.5500001 20.2478386 2 P 0
L 100.19999772 28.90499934 100.19999772 29.8949999 1 P 0
L 100.20499898 6.7478402 101.19499954 6.7478402 1 P 0
L 100.20499898 18.74783906 101.19499954 18.74783906 1 P 0
L 100.69999926 6.25283992 100.69999926 7.24284048 1 P 0
L 100.69999926 18.25283878 100.69999926 19.24283934 1 P 0
L 100.84999896 42.00000236 100.84999896 45.00000144 2 P 0
L 100.84999896 42.00000236 102.55000064 42.00000236 2 P 0
L 100.84999896 45.00000144 102.55000064 45.00000144 2 P 0
L 100.99199766 51.84200198 100.99199766 54.84200106 2 P 0
L 100.99199766 51.84200198 102.69199934 51.84200198 2 P 0
L 100.99199766 54.84200106 102.69199934 54.84200106 2 P 0
L 101.04999856 27.90000008 101.04999856 30.89999916 2 P 0
L 101.20499952 43.5000019 102.19500008 43.5000019 1 P 0
L 101.34699822 53.34200152 102.33699878 53.34200152 1 P 0
L 101.5500001 5.24784066 101.5500001 8.24783974 2 P 0
L 101.5500001 17.24783952 101.5500001 20.2478386 2 P 0
L 101.6999998 43.00500162 101.6999998 43.99500218 1 P 0
L 101.8419985 52.84700124 101.8419985 53.8370018 1 P 0
L 102.55000064 42.00000236 102.55000064 45.00000144 2 P 0
L 102.69199934 51.84200198 102.69199934 54.84200106 2 P 0
L 105.90800002 28.06600178 105.90800002 30.76600146 2 P 0
L 105.90800002 28.06600178 107.40799956 28.06600178 2 P 0
L 105.90800002 30.76600146 107.40799956 30.76600146 2 P 0
L 105.90800002 37.60799946 105.90800002 40.30799914 2 P 0
L 105.90800002 37.60799946 107.40799956 37.60799946 2 P 0
L 105.90800002 40.30799914 107.40799956 40.30799914 2 P 0
L 106.04999872 47.44999908 106.04999872 50.14999876 2 P 0
L 106.04999872 47.44999908 107.54999826 47.44999908 2 P 0
L 106.04999872 50.14999876 107.54999826 50.14999876 2 P 0
L 106.18300074 29.41600162 107.13299884 29.41600162 1 P 0
L 106.18300074 38.9579993 107.13299884 38.9579993 1 P 0
L 106.32499944 48.79999892 107.27499754 48.79999892 1 P 0
L 106.40800156 5.41384236 106.40800156 8.11384204 2 P 0
L 106.40800156 5.41384236 107.9080011 5.41384236 2 P 0
L 106.40800156 8.11384204 107.9080011 8.11384204 2 P 0
L 106.40800156 17.41384122 106.40800156 20.1138409 2 P 0
L 106.40800156 17.41384122 107.9080011 17.41384122 2 P 0
L 106.40800156 20.1138409 107.9080011 20.1138409 2 P 0
L 106.65800106 28.9410013 106.65800106 29.89100194 1 P 0
L 106.65800106 38.48299898 106.65800106 39.43299962 1 P 0
L 106.68300228 6.7638422 107.63300038 6.7638422 1 P 0
L 106.68300228 18.76384106 107.63300038 18.76384106 1 P 0
L 106.79999976 48.3249986 106.79999976 49.27499924 1 P 0
L 107.1580026 6.28884188 107.1580026 7.23884252 1 P 0
L 107.1580026 18.28884074 107.1580026 19.23884138 1 P 0
L 107.40799956 28.06600178 107.40799956 30.76600146 2 P 0
L 107.40799956 37.60799946 107.40799956 40.30799914 2 P 0
L 107.54999826 47.44999908 107.54999826 50.14999876 2 P 0
L 107.9080011 5.41384236 107.9080011 8.11384204 2 P 0
L 107.9080011 17.41384122 107.9080011 20.1138409 2 P 0
L 112.59699604 51.44200024 112.59699604 54.44199932 2 P 0
L 112.59699604 51.44200024 114.29699772 51.44200024 2 P 0
L 112.59699604 54.44199932 114.29699772 54.44199932 2 P 0
L 112.9519966 52.94199978 113.94199716 52.94199978 1 P 0
L 113.44699688 52.4469995 113.44699688 53.43700006 1 P 0
L 114.29699772 51.44200024 114.29699772 54.44199932 2 P 0
L 115.7499971 31.758001 115.7499971 34.75800008 2 P 0
L 115.7499971 31.758001 117.44999878 31.758001 2 P 0
L 115.7499971 34.75800008 117.44999878 34.75800008 2 P 0
L 115.7499971 41.29999868 115.7499971 44.29999776 2 P 0
L 115.7499971 41.29999868 117.44999878 41.29999868 2 P 0
L 115.7499971 44.29999776 117.44999878 44.29999776 2 P 0
L 116.10499766 33.25800054 117.09499822 33.25800054 1 P 0
L 116.10499766 42.79999822 117.09499822 42.79999822 1 P 0
L 116.24999864 9.10584158 116.24999864 12.10584066 2 P 0
L 116.24999864 9.10584158 117.95000032 9.10584158 2 P 0
L 116.24999864 12.10584066 117.95000032 12.10584066 2 P 0
L 116.24999864 21.10584044 116.24999864 24.10583952 2 P 0
L 116.24999864 21.10584044 117.95000032 21.10584044 2 P 0
L 116.24999864 24.10583952 117.95000032 24.10583952 2 P 0
L 116.59999794 32.76300026 116.59999794 33.75300082 1 P 0
L 116.59999794 42.30499794 116.59999794 43.2949985 1 P 0
L 116.6049992 10.60584112 117.59499976 10.60584112 1 P 0
L 116.6049992 22.60583998 117.59499976 22.60583998 1 P 0
L 117.09999948 10.11084084 117.09999948 11.1008414 1 P 0
L 117.09999948 22.1108397 117.09999948 23.10084026 1 P 0
L 117.44999878 31.758001 117.44999878 34.75800008 2 P 0
L 117.44999878 41.29999868 117.44999878 44.29999776 2 P 0
L 117.64799686 27.40700386 117.64799686 37.05900386 0 P 0
L 117.64799686 27.40700386 127.93499686 27.40700386 0 P 0
L 117.64799686 36.94900154 117.64799686 46.60100154 0 P 0
L 117.64799686 36.94900154 127.93499686 36.94900154 0 P 0
L 117.64799686 37.05900386 127.93499686 37.05900386 0 P 0
L 117.64799686 46.60100154 127.93499686 46.60100154 0 P 0
L 117.78999556 46.79100116 117.78999556 56.44300116 0 P 0
L 117.78999556 46.79100116 128.07699556 46.79100116 0 P 0
L 117.78999556 56.44300116 128.07699556 56.44300116 0 P 0
L 117.95000032 9.10584158 117.95000032 12.10584066 2 P 0
L 117.95000032 21.10584044 117.95000032 24.10583952 2 P 0
L 118.1479984 4.75484444 118.1479984 14.40684444 0 P 0
L 118.1479984 4.75484444 128.4349984 4.75484444 0 P 0
L 118.1479984 14.40684444 128.4349984 14.40684444 0 P 0
L 118.1479984 16.7548433 118.1479984 26.4068433 0 P 0
L 118.1479984 16.7548433 128.4349984 16.7548433 0 P 0
L 118.1479984 26.4068433 128.4349984 26.4068433 0 P 0
L 122.21999686 32.23300386 123.48999686 32.23300386 0 P 0
L 122.21999686 41.77500154 123.48999686 41.77500154 0 P 0
L 122.36199556 51.61700116 123.63199556 51.61700116 0 P 0
L 122.7199984 9.58084444 123.9899984 9.58084444 0 P 0
L 122.7199984 21.5808433 123.9899984 21.5808433 0 P 0
L 122.85499686 31.59800386 122.85499686 32.86800386 0 P 0
L 122.85499686 41.14000154 122.85499686 42.41000154 0 P 0
L 122.99699556 50.98200116 122.99699556 52.25200116 0 P 0
L 123.3549984 8.94584444 123.3549984 10.21584444 0 P 0
L 123.3549984 20.9458433 123.3549984 22.2158433 0 P 0
L 127.93499686 27.40700386 127.93499686 37.05900386 0 P 0
L 127.93499686 36.94900154 127.93499686 46.60100154 0 P 0
L 128.07699556 46.79100116 128.07699556 56.44300116 0 P 0
L 128.4349984 4.75484444 128.4349984 14.40684444 0 P 0
L 128.4349984 16.7548433 128.4349984 26.4068433 0 P 0
L 129.59299456 4.95900202 129.59299456 14.61100202 0 P 0
L 129.59299456 4.95900202 139.87999456 4.95900202 0 P 0
L 129.59299456 14.61100202 139.87999456 14.61100202 0 P 0
L 129.79299416 16.75900128 129.79299416 26.41100128 0 P 0
L 129.79299416 16.75900128 140.07999416 16.75900128 0 P 0
L 129.79299416 26.41100128 140.07999416 26.41100128 0 P 0
L 129.79299416 26.7590016 129.79299416 36.4110016 0 P 0
L 129.79299416 26.7590016 140.07999416 26.7590016 0 P 0
L 129.79299416 36.4110016 140.07999416 36.4110016 0 P 0
L 129.79299416 36.75900192 129.79299416 46.41100192 0 P 0
L 129.79299416 36.75900192 140.07999416 36.75900192 0 P 0
L 129.79299416 46.41100192 140.07999416 46.41100192 0 P 0
L 129.79299416 46.75900224 129.79299416 56.41100224 0 P 0
L 129.79299416 46.75900224 140.07999416 46.75900224 0 P 0
L 129.79299416 56.41100224 140.07999416 56.41100224 0 P 0
L 134.03799456 9.78500202 135.30799456 9.78500202 0 P 0
L 134.23799416 21.58500128 135.50799416 21.58500128 0 P 0
L 134.23799416 31.5850016 135.50799416 31.5850016 0 P 0
L 134.23799416 41.58500192 135.50799416 41.58500192 0 P 0
L 134.23799416 51.58500224 135.50799416 51.58500224 0 P 0
L 134.67299456 9.15000202 134.67299456 10.42000202 0 P 0
L 134.87299416 20.95000128 134.87299416 22.22000128 0 P 0
L 134.87299416 30.9500016 134.87299416 32.2200016 0 P 0
L 134.87299416 40.95000192 134.87299416 42.22000192 0 P 0
L 134.87299416 50.95000224 134.87299416 52.22000224 0 P 0
L 139.87999456 4.95900202 139.87999456 14.61100202 0 P 0
L 140.07999416 16.75900128 140.07999416 26.41100128 0 P 0
L 140.07999416 26.7590016 140.07999416 36.4110016 0 P 0
L 140.07999416 36.75900192 140.07999416 46.41100192 0 P 0
L 140.07999416 46.75900224 140.07999416 56.41100224 0 P 0
L 140.59199466 5.2529994 140.59199466 8.25299848 2 P 0
L 140.59199466 5.2529994 142.29199634 5.2529994 2 P 0
L 140.59199466 8.25299848 142.29199634 8.25299848 2 P 0
L 140.79199426 17.05299866 140.79199426 20.05299774 2 P 0
L 140.79199426 17.05299866 142.49199594 17.05299866 2 P 0
L 140.79199426 20.05299774 142.49199594 20.05299774 2 P 0
L 140.79199426 27.05299898 140.79199426 30.05299806 2 P 0
L 140.79199426 27.05299898 142.49199594 27.05299898 2 P 0
L 140.79199426 30.05299806 142.49199594 30.05299806 2 P 0
L 140.79199426 37.0529993 140.79199426 40.05299838 2 P 0
L 140.79199426 37.0529993 142.49199594 37.0529993 2 P 0
L 140.79199426 40.05299838 142.49199594 40.05299838 2 P 0
L 140.79199426 47.05299962 140.79199426 50.0529987 2 P 0
L 140.79199426 47.05299962 142.49199594 47.05299962 2 P 0
L 140.79199426 50.0529987 142.49199594 50.0529987 2 P 0
L 140.94699522 6.75299894 141.93699578 6.75299894 1 P 0
L 141.14699482 18.5529982 142.13699538 18.5529982 1 P 0
L 141.14699482 28.55299852 142.13699538 28.55299852 1 P 0
L 141.14699482 38.55299884 142.13699538 38.55299884 1 P 0
L 141.14699482 48.55299916 142.13699538 48.55299916 1 P 0
L 141.4419955 6.25799866 141.4419955 7.24799922 1 P 0
L 141.6419951 18.05799792 141.6419951 19.04799848 1 P 0
L 141.6419951 28.05799824 141.6419951 29.0479988 1 P 0
L 141.6419951 38.05799856 141.6419951 39.04799912 1 P 0
L 141.6419951 48.05799888 141.6419951 49.04799944 1 P 0
L 142.29199634 5.2529994 142.29199634 8.25299848 2 P 0
L 142.49199594 17.05299866 142.49199594 20.05299774 2 P 0
L 142.49199594 27.05299898 142.49199594 30.05299806 2 P 0
L 142.49199594 37.0529993 142.49199594 40.05299838 2 P 0
L 142.49199594 47.05299962 142.49199594 50.0529987 2 P 0
L 147.1499978 5.4190011 147.1499978 8.11900078 2 P 0
L 147.1499978 5.4190011 148.64999734 5.4190011 2 P 0
L 147.1499978 8.11900078 148.64999734 8.11900078 2 P 0
L 147.3499974 17.21900036 147.3499974 19.91900004 2 P 0
L 147.3499974 17.21900036 148.84999694 17.21900036 2 P 0
L 147.3499974 19.91900004 148.84999694 19.91900004 2 P 0
L 147.3499974 27.21900068 147.3499974 29.91900036 2 P 0
L 147.3499974 27.21900068 148.84999694 27.21900068 2 P 0
L 147.3499974 29.91900036 148.84999694 29.91900036 2 P 0
L 147.3499974 37.219001 147.3499974 39.91900068 2 P 0
L 147.3499974 37.219001 148.84999694 37.219001 2 P 0
L 147.3499974 39.91900068 148.84999694 39.91900068 2 P 0
L 147.3499974 47.21900132 147.3499974 49.919001 2 P 0
L 147.3499974 47.21900132 148.84999694 47.21900132 2 P 0
L 147.3499974 49.919001 148.84999694 49.919001 2 P 0
L 147.42499852 6.76900094 148.37499662 6.76900094 1 P 0
L 147.62499812 18.5690002 148.57499622 18.5690002 1 P 0
L 147.62499812 28.56900052 148.57499622 28.56900052 1 P 0
L 147.62499812 38.56900084 148.57499622 38.56900084 1 P 0
L 147.62499812 48.56900116 148.57499622 48.56900116 1 P 0
L 147.89999884 6.29400062 147.89999884 7.24400126 1 P 0
L 148.09999844 18.09399988 148.09999844 19.04400052 1 P 0
L 148.09999844 28.0940002 148.09999844 29.04400084 1 P 0
L 148.09999844 38.09400052 148.09999844 39.04400116 1 P 0
L 148.09999844 48.09400084 148.09999844 49.04400148 1 P 0
L 148.64999734 5.4190011 148.64999734 8.11900078 2 P 0
L 148.84999694 17.21900036 148.84999694 19.91900004 2 P 0
L 148.84999694 27.21900068 148.84999694 29.91900036 2 P 0
L 148.84999694 37.219001 148.84999694 39.91900068 2 P 0
L 148.84999694 47.21900132 148.84999694 49.919001 2 P 0
L 156.99199488 9.11100032 156.99199488 12.1109994 2 P 0
L 156.99199488 9.11100032 158.69199656 9.11100032 2 P 0
L 156.99199488 12.1109994 158.69199656 12.1109994 2 P 0
L 157.19199448 20.91099958 157.19199448 23.91099866 2 P 0
L 157.19199448 20.91099958 158.89199616 20.91099958 2 P 0
L 157.19199448 23.91099866 158.89199616 23.91099866 2 P 0
L 157.19199448 30.9109999 157.19199448 33.91099898 2 P 0
L 157.19199448 30.9109999 158.89199616 30.9109999 2 P 0
L 157.19199448 33.91099898 158.89199616 33.91099898 2 P 0
L 157.19199448 40.91100022 157.19199448 43.9109993 2 P 0
L 157.19199448 40.91100022 158.89199616 40.91100022 2 P 0
L 157.19199448 43.9109993 158.89199616 43.9109993 2 P 0
L 157.19199448 50.91100054 157.19199448 53.91099962 2 P 0
L 157.19199448 50.91100054 158.89199616 50.91100054 2 P 0
L 157.19199448 53.91099962 158.89199616 53.91099962 2 P 0
L 157.34699544 10.61099986 158.336996 10.61099986 1 P 0
L 157.54699504 22.41099912 158.5369956 22.41099912 1 P 0
L 157.54699504 32.41099944 158.5369956 32.41099944 1 P 0
L 157.54699504 42.41099976 158.5369956 42.41099976 1 P 0
L 157.54699504 52.41100008 158.5369956 52.41100008 1 P 0
L 157.84199572 10.11599958 157.84199572 11.10600014 1 P 0
L 158.04199532 21.91599884 158.04199532 22.9059994 1 P 0
L 158.04199532 31.91599916 158.04199532 32.90599972 1 P 0
L 158.04199532 41.91599948 158.04199532 42.90600004 1 P 0
L 158.04199532 51.9159998 158.04199532 52.90600036 1 P 0
L 158.69199656 9.11100032 158.69199656 12.1109994 2 P 0
L 158.88999464 4.76000318 158.88999464 14.41200318 0 P 0
L 158.88999464 4.76000318 169.17699464 4.76000318 0 P 0
L 158.88999464 14.41200318 169.17699464 14.41200318 0 P 0
L 158.89199616 20.91099958 158.89199616 23.91099866 2 P 0
L 158.89199616 30.9109999 158.89199616 33.91099898 2 P 0
L 158.89199616 40.91100022 158.89199616 43.9109993 2 P 0
L 158.89199616 50.91100054 158.89199616 53.91099962 2 P 0
L 159.08999424 16.56000244 159.08999424 26.21200244 0 P 0
L 159.08999424 16.56000244 169.37699424 16.56000244 0 P 0
L 159.08999424 26.21200244 169.37699424 26.21200244 0 P 0
L 159.08999424 26.56000276 159.08999424 36.21200276 0 P 0
L 159.08999424 26.56000276 169.37699424 26.56000276 0 P 0
L 159.08999424 36.21200276 169.37699424 36.21200276 0 P 0
L 159.08999424 36.56000308 159.08999424 46.21200308 0 P 0
L 159.08999424 36.56000308 169.37699424 36.56000308 0 P 0
L 159.08999424 46.21200308 169.37699424 46.21200308 0 P 0
L 159.08999424 46.5600034 159.08999424 56.2120034 0 P 0
L 159.08999424 46.5600034 169.37699424 46.5600034 0 P 0
L 159.08999424 56.2120034 169.37699424 56.2120034 0 P 0
L 163.46199464 9.58600318 164.73199464 9.58600318 0 P 0
L 163.66199424 21.38600244 164.93199424 21.38600244 0 P 0
L 163.66199424 31.38600276 164.93199424 31.38600276 0 P 0
L 163.66199424 41.38600308 164.93199424 41.38600308 0 P 0
L 163.66199424 51.3860034 164.93199424 51.3860034 0 P 0
L 164.09699464 8.95100318 164.09699464 10.22100318 0 P 0
L 164.29699424 20.75100244 164.29699424 22.02100244 0 P 0
L 164.29699424 30.75100276 164.29699424 32.02100276 0 P 0
L 164.29699424 40.75100308 164.29699424 42.02100308 0 P 0
L 164.29699424 50.7510034 164.29699424 52.0210034 0 P 0
L 169.17699464 4.76000318 169.17699464 14.41200318 0 P 0
L 169.37699424 16.56000244 169.37699424 26.21200244 0 P 0
L 169.37699424 26.56000276 169.37699424 36.21200276 0 P 0
L 169.37699424 36.56000308 169.37699424 46.21200308 0 P 0
L 169.37699424 46.5600034 169.37699424 56.2120034 0 P 0
