UNITS=MM
#Layer_Color=16711935
#
#Feature symbol names
#
$0 r99.9998

#
#Feature attribute names
#

#
#Layer features
#
L 14.02500116 18.42499998 14.02500116 20.17499902 0 P 0
L 14.02500116 18.42499998 14.97499926 18.42499998 0 P 0
L 14.02500116 20.17499902 14.97499926 20.17499902 0 P 0
L 14.7250023 27.90000008 14.7250023 29.64999912 0 P 0
L 14.7250023 27.90000008 15.6750004 27.90000008 0 P 0
L 14.7250023 29.64999912 15.6750004 29.64999912 0 P 0
L 14.97499926 18.42499998 14.97499926 20.17499902 0 P 0
L 15.6750004 27.90000008 15.6750004 29.64999912 0 P 0
L 16.22500184 41.10000162 16.22500184 42.85000066 0 P 0
L 16.22500184 41.10000162 17.17499994 41.10000162 0 P 0
L 16.22500184 42.85000066 17.17499994 42.85000066 0 P 0
L 16.32500164 51.02500082 16.32500164 52.77499986 0 P 0
L 16.32500164 51.02500082 17.27499974 51.02500082 0 P 0
L 16.32500164 52.77499986 17.27499974 52.77499986 0 P 0
L 16.47500134 21.6049987 16.47500134 22.59499926 0 P 0
L 16.47500134 21.6049987 18.12500058 21.6049987 0 P 0
L 16.47500134 22.59499926 18.12500058 22.59499926 0 P 0
L 17.17499994 41.10000162 17.17499994 42.85000066 0 P 0
L 17.27499974 51.02500082 17.27499974 52.77499986 0 P 0
L 17.32500218 10.32500094 17.32500218 12.07499998 0 P 0
L 17.32500218 10.32500094 18.27500028 10.32500094 0 P 0
L 17.32500218 12.07499998 18.27500028 12.07499998 0 P 0
L 18.12500058 21.6049987 18.12500058 22.59499926 0 P 0
L 18.14300156 31.7609982 18.14300156 32.75099876 0 P 0
L 18.14300156 31.7609982 19.7930008 31.7609982 0 P 0
L 18.14300156 32.75099876 19.7930008 32.75099876 0 P 0
L 18.15499798 42.05699996 18.15499798 43.04700052 0 P 0
L 18.15499798 42.05699996 19.80499722 42.05699996 0 P 0
L 18.15499798 43.04700052 19.80499722 43.04700052 0 P 0
L 18.27500028 10.32500094 18.27500028 12.07499998 0 P 0
L 18.3500014 52.00499886 18.3500014 52.99499942 0 P 0
L 18.3500014 52.00499886 20.00000064 52.00499886 0 P 0
L 18.3500014 52.99499942 20.00000064 52.99499942 0 P 0
L 19.7930008 31.7609982 19.7930008 32.75099876 0 P 0
L 19.80499722 42.05699996 19.80499722 43.04700052 0 P 0
L 20.00000064 52.00499886 20.00000064 52.99499942 0 P 0
L 20.8180051 30.83100006 20.8180051 32.5809991 0 P 0
L 20.8180051 30.83100006 21.7680032 30.83100006 0 P 0
L 20.8180051 32.5809991 21.7680032 32.5809991 0 P 0
L 20.83000152 41.12700182 20.83000152 42.87700086 0 P 0
L 20.83000152 41.12700182 21.77999962 41.12700182 0 P 0
L 20.83000152 42.87700086 21.77999962 42.87700086 0 P 0
L 21.02500494 51.07500072 21.02500494 52.82499976 0 P 0
L 21.02500494 51.07500072 21.97500304 51.07500072 0 P 0
L 21.02500494 52.82499976 21.97500304 52.82499976 0 P 0
L 21.7680032 30.83100006 21.7680032 32.5809991 0 P 0
L 21.77999962 41.12700182 21.77999962 42.87700086 0 P 0
L 21.97500304 51.07500072 21.97500304 52.82499976 0 P 0
L 23.07500084 12.50499912 23.07500084 13.49499968 0 P 0
L 23.07500084 12.50499912 24.72500008 12.50499912 0 P 0
L 23.07500084 13.49499968 24.72500008 13.49499968 0 P 0
L 24.72500008 12.50499912 24.72500008 13.49499968 0 P 0
L 28.52999882 11.52700514 28.52999882 13.27700418 0 P 0
L 28.52999882 11.52700514 29.47999692 11.52700514 0 P 0
L 28.52999882 13.27700418 29.47999692 13.27700418 0 P 0
L 29.47999692 11.52700514 29.47999692 13.27700418 0 P 0
L 31.52500172 21.725001 31.52500172 23.47500004 0 P 0
L 31.52500172 21.725001 32.47499982 21.725001 0 P 0
L 31.52500172 23.47500004 32.47499982 23.47500004 0 P 0
L 32.47499982 21.725001 32.47499982 23.47500004 0 P 0
L 58.32500146 41.5249995 58.32500146 43.27499854 0 P 0
L 58.32500146 41.5249995 59.27499956 41.5249995 0 P 0
L 58.32500146 43.27499854 59.27499956 43.27499854 0 P 0
L 58.5050011 11.30000026 58.5050011 12.9499995 0 P 0
L 58.5050011 11.30000026 59.49500166 11.30000026 0 P 0
L 58.5050011 12.9499995 59.49500166 12.9499995 0 P 0
L 58.5050011 22.04999908 58.5050011 23.69999832 0 P 0
L 58.5050011 22.04999908 59.49500166 22.04999908 0 P 0
L 58.5050011 23.69999832 59.49500166 23.69999832 0 P 0
L 58.5050011 33.04999994 58.5050011 34.69999918 0 P 0
L 58.5050011 33.04999994 59.49500166 33.04999994 0 P 0
L 58.5050011 34.69999918 59.49500166 34.69999918 0 P 0
L 58.52500106 18.72499938 58.52500106 20.47499842 0 P 0
L 58.52500106 18.72499938 59.47499916 18.72499938 0 P 0
L 58.52500106 20.47499842 59.47499916 20.47499842 0 P 0
L 58.52500106 52.39999934 58.52500106 54.14999838 0 P 0
L 58.52500106 52.39999934 59.47499916 52.39999934 0 P 0
L 58.52500106 54.14999838 59.47499916 54.14999838 0 P 0
L 59.27499956 41.5249995 59.27499956 43.27499854 0 P 0
L 59.47499916 18.72499938 59.47499916 20.47499842 0 P 0
L 59.47499916 52.39999934 59.47499916 54.14999838 0 P 0
L 59.49500166 11.30000026 59.49500166 12.9499995 0 P 0
L 59.49500166 22.04999908 59.49500166 23.69999832 0 P 0
L 59.49500166 33.04999994 59.49500166 34.69999918 0 P 0
L 60.30000132 42.50500008 60.30000132 43.49500064 0 P 0
L 60.30000132 42.50500008 61.95000056 42.50500008 0 P 0
L 60.30000132 43.49500064 61.95000056 43.49500064 0 P 0
L 60.554997 53.42999982 60.554997 54.42000038 0 P 0
L 60.554997 53.42999982 62.20499624 53.42999982 0 P 0
L 60.554997 54.42000038 62.20499624 54.42000038 0 P 0
L 61.95000056 42.50500008 61.95000056 43.49500064 0 P 0
L 62.20499624 53.42999982 62.20499624 54.42000038 0 P 0
L 62.62500302 31.22499978 62.62500302 32.97499882 0 P 0
L 62.62500302 31.22499978 63.57500112 31.22499978 0 P 0
L 62.62500302 32.97499882 63.57500112 32.97499882 0 P 0
L 62.9700036 42.74199986 62.9700036 44.4919989 0 P 0
L 62.9700036 42.74199986 63.9200017 42.74199986 0 P 0
L 62.9700036 44.4919989 63.9200017 44.4919989 0 P 0
L 63.02499968 10.79199772 63.02499968 12.54199676 0 P 0
L 63.02499968 10.79199772 63.97499778 10.79199772 0 P 0
L 63.02499968 12.54199676 63.97499778 12.54199676 0 P 0
L 63.02499968 21.54199654 63.02499968 23.29199558 0 P 0
L 63.02499968 21.54199654 63.97499778 21.54199654 0 P 0
L 63.02499968 23.29199558 63.97499778 23.29199558 0 P 0
L 63.02500222 4.32500024 63.02500222 6.07499928 0 P 0
L 63.02500222 4.32500024 63.97500032 4.32500024 0 P 0
L 63.02500222 6.07499928 63.97500032 6.07499928 0 P 0
L 63.23000054 52.50000168 63.23000054 54.25000072 0 P 0
L 63.23000054 52.50000168 64.17999864 52.50000168 0 P 0
L 63.23000054 54.25000072 64.17999864 54.25000072 0 P 0
L 63.57500112 31.22499978 63.57500112 32.97499882 0 P 0
L 63.9200017 42.74199986 63.9200017 44.4919989 0 P 0
L 63.97499778 10.79199772 63.97499778 12.54199676 0 P 0
L 63.97499778 21.54199654 63.97499778 23.29199558 0 P 0
L 63.97500032 4.32500024 63.97500032 6.07499928 0 P 0
L 64.17999864 52.50000168 64.17999864 54.25000072 0 P 0
L 70.22500052 32.82500166 70.22500052 34.5750007 0 P 0
L 70.22500052 32.82500166 71.17499862 32.82500166 0 P 0
L 70.22500052 34.5750007 71.17499862 34.5750007 0 P 0
L 71.17499862 32.82500166 71.17499862 34.5750007 0 P 0
L 99.32500074 55.42499964 99.32500074 57.17499868 0 P 0
L 99.32500074 55.42499964 100.27499884 55.42499964 0 P 0
L 99.32500074 57.17499868 100.27499884 57.17499868 0 P 0
L 99.42500054 38.02499888 99.42500054 38.97499698 0 P 0
L 99.42500054 38.02499888 101.17499958 38.02499888 0 P 0
L 99.42500054 38.97499698 101.17499958 38.97499698 0 P 0
L 99.70499744 28.575 99.70499744 30.22499924 0 P 0
L 99.70499744 28.575 100.694998 28.575 0 P 0
L 99.70499744 30.22499924 100.694998 30.22499924 0 P 0
L 100.20499898 5.92284058 100.20499898 7.57283982 0 P 0
L 100.20499898 5.92284058 101.19499954 5.92284058 0 P 0
L 100.20499898 7.57283982 101.19499954 7.57283982 0 P 0
L 100.20499898 17.92283944 100.20499898 19.57283868 0 P 0
L 100.20499898 17.92283944 101.19499954 17.92283944 0 P 0
L 100.20499898 19.57283868 101.19499954 19.57283868 0 P 0
L 100.27499884 55.42499964 100.27499884 57.17499868 0 P 0
L 100.694998 28.575 100.694998 30.22499924 0 P 0
L 101.17499958 38.02499888 101.17499958 38.97499698 0 P 0
L 101.19499954 5.92284058 101.19499954 7.57283982 0 P 0
L 101.19499954 17.92283944 101.19499954 19.57283868 0 P 0
L 101.20499952 42.67500228 101.20499952 44.32500152 0 P 0
L 101.20499952 42.67500228 102.19500008 42.67500228 0 P 0
L 101.20499952 44.32500152 102.19500008 44.32500152 0 P 0
L 101.34699822 52.5170019 101.34699822 54.16700114 0 P 0
L 101.34699822 52.5170019 102.33699878 52.5170019 0 P 0
L 101.34699822 54.16700114 102.33699878 54.16700114 0 P 0
L 101.88724098 10.01009174 101.88724098 11.76009078 0 P 0
L 101.88724098 10.01009174 102.83723908 10.01009174 0 P 0
L 101.88724098 11.76009078 102.83723908 11.76009078 0 P 0
L 102.19500008 42.67500228 102.19500008 44.32500152 0 P 0
L 102.33699878 52.5170019 102.33699878 54.16700114 0 P 0
L 102.83723908 10.01009174 102.83723908 11.76009078 0 P 0
L 106.18300074 38.08299978 106.18300074 39.83299882 0 P 0
L 106.18300074 38.08299978 107.13299884 38.08299978 0 P 0
L 106.18300074 39.83299882 107.13299884 39.83299882 0 P 0
L 106.32499944 47.9249994 106.32499944 49.67499844 0 P 0
L 106.32499944 47.9249994 107.27499754 47.9249994 0 P 0
L 106.32499944 49.67499844 107.27499754 49.67499844 0 P 0
L 106.35000066 28.0250011 106.35000066 28.9749992 0 P 0
L 106.35000066 28.0250011 108.0999997 28.0250011 0 P 0
L 106.35000066 28.9749992 108.0999997 28.9749992 0 P 0
L 106.38300034 30.94100238 106.38300034 32.69100142 0 P 0
L 106.38300034 30.94100238 107.33299844 30.94100238 0 P 0
L 106.38300034 32.69100142 107.33299844 32.69100142 0 P 0
L 106.68300228 5.88884268 106.68300228 7.63884172 0 P 0
L 106.68300228 5.88884268 107.63300038 5.88884268 0 P 0
L 106.68300228 7.63884172 107.63300038 7.63884172 0 P 0
L 106.68300228 17.88884154 106.68300228 19.63884058 0 P 0
L 106.68300228 17.88884154 107.63300038 17.88884154 0 P 0
L 106.68300228 19.63884058 107.63300038 19.63884058 0 P 0
L 107.13299884 38.08299978 107.13299884 39.83299882 0 P 0
L 107.27499754 47.9249994 107.27499754 49.67499844 0 P 0
L 107.33299844 30.94100238 107.33299844 32.69100142 0 P 0
L 107.63300038 5.88884268 107.63300038 7.63884172 0 P 0
L 107.63300038 17.88884154 107.63300038 19.63884058 0 P 0
L 108.0999997 28.0250011 108.0999997 28.9749992 0 P 0
L 114.82500022 17.62500158 114.82500022 18.57499968 0 P 0
L 114.82500022 17.62500158 116.57499926 17.62500158 0 P 0
L 114.82500022 18.57499968 116.57499926 18.57499968 0 P 0
L 116.57499926 17.62500158 116.57499926 18.57499968 0 P 0
L 141.00499866 27.67499926 141.00499866 29.3249985 0 P 0
L 141.00499866 27.67499926 141.99499922 27.67499926 0 P 0
L 141.00499866 29.3249985 141.99499922 29.3249985 0 P 0
L 141.14699482 37.72799922 141.14699482 39.37799846 0 P 0
L 141.14699482 37.72799922 142.13699538 37.72799922 0 P 0
L 141.14699482 39.37799846 142.13699538 39.37799846 0 P 0
L 141.22500076 32.12500306 141.22500076 33.07500116 0 P 0
L 141.22500076 32.12500306 142.9749998 32.12500306 0 P 0
L 141.22500076 33.07500116 142.9749998 33.07500116 0 P 0
L 141.75000098 46.625002 141.75000098 47.5750001 0 P 0
L 141.75000098 46.625002 143.50000002 46.625002 0 P 0
L 141.75000098 47.5750001 143.50000002 47.5750001 0 P 0
L 141.90000068 52.705 141.90000068 53.69500056 0 P 0
L 141.90000068 52.705 143.54999992 52.705 0 P 0
L 141.90000068 53.69500056 143.54999992 53.69500056 0 P 0
L 141.99499922 27.67499926 141.99499922 29.3249985 0 P 0
L 142.13699538 37.72799922 142.13699538 39.37799846 0 P 0
L 142.9749998 32.12500306 142.9749998 33.07500116 0 P 0
L 143.50000002 46.625002 143.50000002 47.5750001 0 P 0
L 143.54999992 52.705 143.54999992 53.69500056 0 P 0
L 144.72500138 37.92500162 144.72500138 38.87499972 0 P 0
L 144.72500138 37.92500162 146.47500042 37.92500162 0 P 0
L 144.72500138 38.87499972 146.47500042 38.87499972 0 P 0
L 145.90499902 16.2749992 145.90499902 17.92499844 0 P 0
L 145.90499902 16.2749992 146.89499958 16.2749992 0 P 0
L 145.90499902 17.92499844 146.89499958 17.92499844 0 P 0
L 146.02500132 5.72499998 146.02500132 7.47499902 0 P 0
L 146.02500132 5.72499998 146.97499942 5.72499998 0 P 0
L 146.02500132 7.47499902 146.97499942 7.47499902 0 P 0
L 146.47500042 37.92500162 146.47500042 38.87499972 0 P 0
L 146.79400156 41.82500398 146.79400156 42.77500208 0 P 0
L 146.79400156 41.82500398 148.5440006 41.82500398 0 P 0
L 146.79400156 42.77500208 148.5440006 42.77500208 0 P 0
L 146.89499958 16.2749992 146.89499958 17.92499844 0 P 0
L 146.97499942 5.72499998 146.97499942 7.47499902 0 P 0
L 147.62499812 17.69400068 147.62499812 19.44399972 0 P 0
L 147.62499812 17.69400068 148.57499622 17.69400068 0 P 0
L 147.62499812 19.44399972 148.57499622 19.44399972 0 P 0
L 147.62499812 27.694001 147.62499812 29.44400004 0 P 0
L 147.62499812 27.694001 148.57499622 27.694001 0 P 0
L 147.62499812 29.44400004 148.57499622 29.44400004 0 P 0
L 147.62499812 47.69400164 147.62499812 49.44400068 0 P 0
L 147.62499812 47.69400164 148.57499622 47.69400164 0 P 0
L 147.62499812 49.44400068 148.57499622 49.44400068 0 P 0
L 148.02499986 15.82500264 148.02499986 16.77500074 0 P 0
L 148.02499986 15.82500264 149.7749989 15.82500264 0 P 0
L 148.02499986 16.77500074 149.7749989 16.77500074 0 P 0
L 148.5440006 41.82500398 148.5440006 42.77500208 0 P 0
L 148.57499622 17.69400068 148.57499622 19.44399972 0 P 0
L 148.57499622 27.694001 148.57499622 29.44400004 0 P 0
L 148.57499622 47.69400164 148.57499622 49.44400068 0 P 0
L 149.7749989 15.82500264 149.7749989 16.77500074 0 P 0
L 150.20500058 7.67500116 150.20500058 9.3250004 0 P 0
L 150.20500058 7.67500116 151.19500114 7.67500116 0 P 0
L 150.20500058 9.3250004 151.19500114 9.3250004 0 P 0
L 151.19500114 7.67500116 151.19500114 9.3250004 0 P 0
L 154.17500026 8.30000118 154.17500026 10.05000022 0 P 0
L 154.17500026 8.30000118 155.12499836 8.30000118 0 P 0
L 154.17500026 10.05000022 155.12499836 10.05000022 0 P 0
L 155.12499836 8.30000118 155.12499836 10.05000022 0 P 0
L 192.2250029 18.22500038 192.2250029 19.97499942 0 P 0
L 192.2250029 18.22500038 193.175001 18.22500038 0 P 0
L 192.2250029 19.97499942 193.175001 19.97499942 0 P 0
L 192.55000098 30.62500098 192.55000098 31.57499908 0 P 0
L 192.55000098 30.62500098 194.30000002 30.62500098 0 P 0
L 192.55000098 31.57499908 194.30000002 31.57499908 0 P 0
L 192.67499946 32.70499936 192.67499946 33.69499992 0 P 0
L 192.67499946 32.70499936 194.3249987 32.70499936 0 P 0
L 192.67499946 33.69499992 194.3249987 33.69499992 0 P 0
L 193.175001 18.22500038 193.175001 19.97499942 0 P 0
L 193.22500344 8.42499966 193.22500344 10.1749987 0 P 0
L 193.22500344 8.42499966 194.17500154 8.42499966 0 P 0
L 193.22500344 10.1749987 194.17500154 10.1749987 0 P 0
L 194.17500154 8.42499966 194.17500154 10.1749987 0 P 0
L 194.30000002 30.62500098 194.30000002 31.57499908 0 P 0
L 194.30499874 18.17500048 194.30499874 19.82499972 0 P 0
L 194.30499874 18.17500048 195.2949993 18.17500048 0 P 0
L 194.30499874 19.82499972 195.2949993 19.82499972 0 P 0
L 194.3249987 32.70499936 194.3249987 33.69499992 0 P 0
L 195.2949993 18.17500048 195.2949993 19.82499972 0 P 0
L 195.40499908 6.37500122 195.40499908 8.02500046 0 P 0
L 195.40499908 6.37500122 196.39499964 6.37500122 0 P 0
L 195.40499908 8.02500046 196.39499964 8.02500046 0 P 0
L 196.39499964 6.37500122 196.39499964 8.02500046 0 P 0
L 197.92499912 6.12500172 197.92499912 7.87500076 0 P 0
L 197.92499912 6.12500172 198.87499722 6.12500172 0 P 0
L 197.92499912 7.87500076 198.87499722 7.87500076 0 P 0
L 198.7250026 45.52500166 198.7250026 47.2750007 0 P 0
L 198.7250026 45.52500166 199.6750007 45.52500166 0 P 0
L 198.7250026 47.2750007 199.6750007 47.2750007 0 P 0
L 198.87499722 6.12500172 198.87499722 7.87500076 0 P 0
L 199.6750007 45.52500166 199.6750007 47.2750007 0 P 0
L 200.70499864 45.47499922 200.70499864 47.12499846 0 P 0
L 200.70499864 45.47499922 201.6949992 45.47499922 0 P 0
L 200.70499864 47.12499846 201.6949992 47.12499846 0 P 0
L 201.6949992 45.47499922 201.6949992 47.12499846 0 P 0
L 202.62499988 45.32499952 202.62499988 47.07499856 0 P 0
L 202.62499988 45.32499952 203.57499798 45.32499952 0 P 0
L 202.62499988 47.07499856 203.57499798 47.07499856 0 P 0
L 203.22500122 56.52499998 203.22500122 58.27499902 0 P 0
L 203.22500122 56.52499998 204.17499932 56.52499998 0 P 0
L 203.22500122 58.27499902 204.17499932 58.27499902 0 P 0
L 203.57499798 45.32499952 203.57499798 47.07499856 0 P 0
L 204.17499932 56.52499998 204.17499932 58.27499902 0 P 0
L 205.604999 59.17499976 205.604999 60.824999 0 P 0
L 205.604999 59.17499976 206.59499956 59.17499976 0 P 0
L 205.604999 60.824999 206.59499956 60.824999 0 P 0
L 205.8250011 16.72500084 205.8250011 18.47499988 0 P 0
L 205.8250011 16.72500084 206.7749992 16.72500084 0 P 0
L 205.8250011 18.47499988 206.7749992 18.47499988 0 P 0
L 206.59499956 59.17499976 206.59499956 60.824999 0 P 0
L 206.7749992 16.72500084 206.7749992 18.47499988 0 P 0
L 207.32500318 30.72500078 207.32500318 32.47499982 0 P 0
L 207.32500318 30.72500078 208.27500128 30.72500078 0 P 0
L 207.32500318 32.47499982 208.27500128 32.47499982 0 P 0
L 207.92500198 59.12499986 207.92500198 60.8749989 0 P 0
L 207.92500198 59.12499986 208.87500008 59.12499986 0 P 0
L 207.92500198 60.8749989 208.87500008 60.8749989 0 P 0
L 208.27500128 30.72500078 208.27500128 32.47499982 0 P 0
L 208.87500008 59.12499986 208.87500008 60.8749989 0 P 0
