UNITS=MM
#Layer_Color=65535
#
#Feature symbol names
#
$0 r199.9996
$1 r149.9997
$2 r254

#
#Feature attribute names
#
@0 .nomenclature
@1 .string
@2 .string_angle

#
#Feature attribute text strings
#
&0 

#
#Layer features
#
A 12.82583668 9.69600296 12.82583668 9.69600296 11.4329972 9.69600296 0 P 0 N
A 13.08884098 19.7999985 13.08884098 19.7999985 11.6960015 19.7999985 0 P 0 N
A 13.213842 29.89999862 13.213842 29.89999862 11.82100252 29.89999862 0 P 0 N
A 13.22583842 40.19600038 13.22583842 40.19600038 11.83299894 40.19600038 0 P 0 N
A 13.42084184 50.14399928 13.42084184 50.14399928 12.02800236 50.14399928 0 P 0 N
A 35.64583676 13.30700412 35.64583676 13.30700412 34.25299728 13.30700412 0 P 0 N
A 35.90884106 23.41099966 35.90884106 23.41099966 34.51600158 23.41099966 0 P 0 N
A 36.03384208 33.51099978 36.03384208 33.51099978 34.6410026 33.51099978 0 P 0 N
A 36.0458385 43.80700154 36.0458385 43.80700154 34.65299902 43.80700154 0 P 0 N
A 36.24084192 53.75500044 36.24084192 53.75500044 34.84800244 53.75500044 0 P 0 N
L 3.5589972 7.28300296 3.5589972 15.91900296 0 P 0
L 3.5589972 7.28300296 12.8299972 7.28300296 0 P 0
L 3.5589972 15.91900296 12.8299972 15.91900296 0 P 0
L 3.8220015 17.3869985 3.8220015 26.0229985 0 P 0
L 3.8220015 17.3869985 13.0930015 17.3869985 0 P 0
L 3.8220015 26.0229985 13.0930015 26.0229985 0 P 0
L 3.94700252 27.48699862 3.94700252 36.12299862 0 P 0
L 3.94700252 27.48699862 13.21800252 27.48699862 0 P 0
L 3.94700252 36.12299862 13.21800252 36.12299862 0 P 0
L 3.95899894 37.78300038 3.95899894 46.41900038 0 P 0
L 3.95899894 37.78300038 13.22999894 37.78300038 0 P 0
L 3.95899894 46.41900038 13.22999894 46.41900038 0 P 0
L 4.15400236 47.73099928 4.15400236 56.36699928 0 P 0
L 4.15400236 47.73099928 13.42500236 47.73099928 0 P 0
L 4.15400236 56.36699928 13.42500236 56.36699928 0 P 0
L 12.8299972 7.28300296 12.8299972 15.91900296 0 P 0
L 13.0930015 17.3869985 13.0930015 26.0229985 0 P 0
L 13.21800252 27.48699862 13.21800252 36.12299862 0 P 0
L 13.22999894 37.78300038 13.22999894 46.41900038 0 P 0
L 13.42500236 47.73099928 13.42500236 56.36699928 0 P 0
L 17.46800164 31.45599754 17.46800164 31.95599908 0 P 0
L 17.46800164 31.45599754 20.46800072 31.45599754 0 P 0
L 17.46800164 32.55599788 17.46800164 33.05599942 0 P 0
L 17.46800164 33.05599942 20.46800072 33.05599942 0 P 0
L 17.47999806 41.7519993 17.47999806 42.25200084 0 P 0
L 17.47999806 41.7519993 20.47999714 41.7519993 0 P 0
L 17.47999806 42.85199964 17.47999806 43.35200118 0 P 0
L 17.47999806 43.35200118 20.47999714 43.35200118 0 P 0
L 17.67500148 51.6999982 17.67500148 52.19999974 0 P 0
L 17.67500148 51.6999982 20.67500056 51.6999982 0 P 0
L 17.67500148 52.79999854 17.67500148 53.30000008 0 P 0
L 17.67500148 53.30000008 20.67500056 53.30000008 0 P 0
L 18.96800118 31.45599754 18.96800118 33.05599942 0 P 0
L 18.9799976 41.7519993 18.9799976 43.35200118 0 P 0
L 19.17500102 51.6999982 19.17500102 53.30000008 0 P 0
L 20.46800072 31.45599754 20.46800072 31.95599908 0 P 0
L 20.46800072 32.55599788 20.46800072 33.05599942 0 P 0
L 20.47999714 41.7519993 20.47999714 42.25200084 0 P 0
L 20.47999714 42.85199964 20.47999714 43.35200118 0 P 0
L 20.59300174 30.30599984 20.59300174 33.10599932 1 P 0
L 20.59300174 30.30599984 20.89300368 30.30599984 1 P 0
L 20.59300174 31.70599958 21.99300402 31.70599958 1 P 0
L 20.59300174 33.10599932 20.89300368 33.10599932 1 P 0
L 20.60499816 40.6020016 20.60499816 43.40200108 1 P 0
L 20.60499816 40.6020016 20.9050001 40.6020016 1 P 0
L 20.60499816 42.00200134 22.00500044 42.00200134 1 P 0
L 20.60499816 43.40200108 20.9050001 43.40200108 1 P 0
L 20.67500056 51.6999982 20.67500056 52.19999974 0 P 0
L 20.67500056 52.79999854 20.67500056 53.30000008 0 P 0
L 20.80000158 50.5500005 20.80000158 53.34999998 1 P 0
L 20.80000158 50.5500005 21.10000352 50.5500005 1 P 0
L 20.80000158 51.95000024 22.20000386 51.95000024 1 P 0
L 20.80000158 53.34999998 21.10000352 53.34999998 1 P 0
L 21.50000018 21.39999784 21.50000018 21.89999938 0 P 0
L 21.50000018 21.39999784 24.49999926 21.39999784 0 P 0
L 21.50000018 22.49999818 21.50000018 22.99999972 0 P 0
L 21.50000018 22.99999972 24.49999926 22.99999972 0 P 0
L 21.69300208 30.30599984 21.99300402 30.30599984 1 P 0
L 21.69300208 33.10599932 21.99300402 33.10599932 1 P 0
L 21.7049985 40.6020016 22.00500044 40.6020016 1 P 0
L 21.7049985 43.40200108 22.00500044 43.40200108 1 P 0
L 21.90000192 50.5500005 22.20000386 50.5500005 1 P 0
L 21.90000192 53.34999998 22.20000386 53.34999998 1 P 0
L 21.99300402 30.30599984 21.99300402 33.10599932 1 P 0
L 22.00500044 40.6020016 22.00500044 43.40200108 1 P 0
L 22.20000386 50.5500005 22.20000386 53.34999998 1 P 0
L 22.40000092 12.19999846 22.40000092 12.7 0 P 0
L 22.40000092 12.19999846 25.4 12.19999846 0 P 0
L 22.40000092 13.2999988 22.40000092 13.80000034 0 P 0
L 22.40000092 13.80000034 25.4 13.80000034 0 P 0
L 22.99999972 21.39999784 22.99999972 22.99999972 0 P 0
L 23.90000046 12.19999846 23.90000046 13.80000034 0 P 0
L 24.49999926 21.39999784 24.49999926 21.89999938 0 P 0
L 24.49999926 22.49999818 24.49999926 22.99999972 0 P 0
L 25.4 12.19999846 25.4 12.7 0 P 0
L 25.4 13.2999988 25.4 13.80000034 0 P 0
L 28.30499546 11.00200492 28.30499546 13.8020044 1 P 0
L 28.30499546 11.00200492 28.6049974 11.00200492 1 P 0
L 28.30499546 12.40200466 29.70499774 12.40200466 1 P 0
L 28.30499546 13.8020044 28.6049974 13.8020044 1 P 0
L 29.4049958 11.00200492 29.70499774 11.00200492 1 P 0
L 29.4049958 13.8020044 29.70499774 13.8020044 1 P 0
L 29.70499774 11.00200492 29.70499774 13.8020044 1 P 0
L 31.29999836 21.20000078 31.29999836 24.00000026 1 P 0
L 31.29999836 21.20000078 31.6000003 21.20000078 1 P 0
L 31.29999836 22.60000052 32.70000064 22.60000052 1 P 0
L 31.29999836 24.00000026 31.6000003 24.00000026 1 P 0
L 32.3999987 21.20000078 32.70000064 21.20000078 1 P 0
L 32.3999987 24.00000026 32.70000064 24.00000026 1 P 0
L 32.70000064 21.20000078 32.70000064 24.00000026 1 P 0
L 32.85599728 7.08400412 32.85599728 15.72000412 0 P 0
L 32.85599728 7.08400412 42.12699728 7.08400412 0 P 0
L 32.85599728 15.72000412 42.12699728 15.72000412 0 P 0
L 33.11900158 17.18799966 33.11900158 25.82399966 0 P 0
L 33.11900158 17.18799966 42.39000158 17.18799966 0 P 0
L 33.11900158 25.82399966 42.39000158 25.82399966 0 P 0
L 33.2440026 27.28799978 33.2440026 35.92399978 0 P 0
L 33.2440026 27.28799978 42.5150026 27.28799978 0 P 0
L 33.2440026 35.92399978 42.5150026 35.92399978 0 P 0
L 33.25599902 37.58400154 33.25599902 46.22000154 0 P 0
L 33.25599902 37.58400154 42.52699902 37.58400154 0 P 0
L 33.25599902 46.22000154 42.52699902 46.22000154 0 P 0
L 33.45100244 47.53200044 33.45100244 56.16800044 0 P 0
L 33.45100244 47.53200044 42.72200244 47.53200044 0 P 0
L 33.45100244 56.16800044 42.72200244 56.16800044 0 P 0
L 42.12699728 7.08400412 42.12699728 15.72000412 0 P 0
L 42.39000158 17.18799966 42.39000158 25.82399966 0 P 0
L 42.5150026 27.28799978 42.5150026 35.92399978 0 P 0
L 42.52699902 37.58400154 42.52699902 46.22000154 0 P 0
L 42.72200244 47.53200044 42.72200244 56.16800044 0 P 0
