UNITS=MM
#Layer_Color=9474304
#
#Feature symbol names
#
$0 r169.33164
$1 r127

#
#Feature attribute names
#

#
#Layer features
#
A 99.568 89.281 99.568 89.281 99.06 89.281 0 P 0 N
L 94.742 65.41499998 94.742 66.43099998 1 P 0
L 94.742 65.41499998 95.758 65.41499998 1 P 0
L 94.742 66.43099998 95.758 66.43099998 1 P 0
L 94.742 69.85 94.742 70.866 1 P 0
L 94.742 69.85 95.758 69.85 1 P 0
L 94.742 70.866 95.758 70.866 1 P 0
L 94.742 74.28500002 94.742 75.30100002 1 P 0
L 94.742 74.28500002 95.758 74.28500002 1 P 0
L 94.742 75.30100002 95.758 75.30100002 1 P 0
L 95.61699952 85.83799952 95.61699952 86.85399952 1 P 0
L 95.61699952 85.83799952 96.63299952 85.83799952 1 P 0
L 95.61699952 86.85399952 96.63299952 86.85399952 1 P 0
L 95.61699952 91.70800048 95.61699952 92.72400048 1 P 0
L 95.61699952 91.70800048 96.63299952 91.70800048 1 P 0
L 95.61699952 92.72400048 96.63299952 92.72400048 1 P 0
L 95.758 65.41499998 95.758 66.43099998 1 P 0
L 95.758 69.85 95.758 70.866 1 P 0
L 95.758 74.28500002 95.758 75.30100002 1 P 0
L 96.63299952 85.83799952 96.63299952 86.85399952 1 P 0
L 96.63299952 91.70800048 96.63299952 92.72400048 1 P 0
L 99.17700002 65.41499998 99.17700002 66.43099998 1 P 0
L 99.17700002 65.41499998 100.19300002 65.41499998 1 P 0
L 99.17700002 66.43099998 100.19300002 66.43099998 1 P 0
L 99.17700002 69.85 99.17700002 70.866 1 P 0
L 99.17700002 69.85 100.19300002 69.85 1 P 0
L 99.17700002 70.866 100.19300002 70.866 1 P 0
L 99.17700002 74.28500002 99.17700002 75.30100002 1 P 0
L 99.17700002 74.28500002 100.19300002 74.28500002 1 P 0
L 99.17700002 75.30100002 100.19300002 75.30100002 1 P 0
L 100.19300002 65.41499998 100.19300002 66.43099998 1 P 0
L 100.19300002 69.85 100.19300002 70.866 1 P 0
L 100.19300002 74.28500002 100.19300002 75.30100002 1 P 0
L 101.48700048 85.83799952 101.48700048 86.85399952 1 P 0
L 101.48700048 85.83799952 102.50300048 85.83799952 1 P 0
L 101.48700048 86.85399952 102.50300048 86.85399952 1 P 0
L 101.48700048 91.70800048 101.48700048 92.72400048 1 P 0
L 101.48700048 91.70800048 102.50300048 91.70800048 1 P 0
L 101.48700048 92.72400048 102.50300048 92.72400048 1 P 0
L 102.50300048 85.83799952 102.50300048 86.85399952 1 P 0
L 102.50300048 91.70800048 102.50300048 92.72400048 1 P 0
L 103.61200004 65.41499998 103.61200004 66.43099998 1 P 0
L 103.61200004 65.41499998 104.62800004 65.41499998 1 P 0
L 103.61200004 66.43099998 104.62800004 66.43099998 1 P 0
L 103.61200004 69.85 103.61200004 70.866 1 P 0
L 103.61200004 69.85 104.62800004 69.85 1 P 0
L 103.61200004 70.866 104.62800004 70.866 1 P 0
L 103.61200004 74.28500002 103.61200004 75.30100002 1 P 0
L 103.61200004 74.28500002 104.62800004 74.28500002 1 P 0
L 103.61200004 75.30100002 104.62800004 75.30100002 1 P 0
L 104.62800004 65.41499998 104.62800004 66.43099998 1 P 0
L 104.62800004 69.85 104.62800004 70.866 1 P 0
L 104.62800004 74.28500002 104.62800004 75.30100002 1 P 0
