UNITS=MM
#Layer_Color=16711935
#
#Feature symbol names
#
$0 r99.9998

#
#Feature attribute names
#

#
#Layer features
#
L 16.2119818 11.50102094 16.2119818 12.49101134 0 P 0
L 16.2119818 11.50102094 17.8620166 11.50102094 0 P 0
L 16.2119818 12.49101134 17.8620166 12.49101134 0 P 0
L 16.4750242 21.60498854 16.4750242 22.59497894 0 P 0
L 16.4750242 21.60498854 18.1250082 21.60498854 0 P 0
L 16.4750242 22.59497894 18.1250082 22.59497894 0 P 0
L 17.8620166 11.50102094 17.8620166 12.49101134 0 P 0
L 18.1250082 21.60498854 18.1250082 22.59497894 0 P 0
L 18.1429914 31.76097534 18.1429914 32.75101654 0 P 0
L 18.1429914 31.76097534 19.7930262 31.76097534 0 P 0
L 18.1429914 32.75101654 19.7930262 32.75101654 0 P 0
L 18.1549802 42.05701774 18.1549802 43.04700814 0 P 0
L 18.1549802 42.05701774 19.805015 42.05701774 0 P 0
L 18.1549802 43.04700814 19.805015 43.04700814 0 P 0
L 18.3500014 52.00497854 18.3500014 52.99501974 0 P 0
L 18.3500014 52.00497854 19.9999854 52.00497854 0 P 0
L 18.3500014 52.99501974 19.9999854 52.99501974 0 P 0
L 19.7930262 31.76097534 19.7930262 32.75101654 0 P 0
L 19.805015 42.05701774 19.805015 43.04700814 0 P 0
L 19.9999854 52.00497854 19.9999854 52.99501974 0 P 0
L 20.4300074 10.62700694 20.4300074 12.37701614 0 P 0
L 20.4300074 10.62700694 21.3800182 10.62700694 0 P 0
L 20.4300074 12.37701614 21.3800182 12.37701614 0 P 0
L 20.692999 20.73102534 20.692999 22.48098374 0 P 0
L 20.692999 20.73102534 21.6430098 20.73102534 0 P 0
L 20.692999 22.48098374 21.6430098 22.48098374 0 P 0
L 20.8180178 30.83097974 20.8180178 32.58098894 0 P 0
L 20.8180178 30.83097974 21.7680286 30.83097974 0 P 0
L 20.8180178 32.58098894 21.7680286 32.58098894 0 P 0
L 20.8300066 41.12702214 20.8300066 42.87698054 0 P 0
L 20.8300066 41.12702214 21.7800174 41.12702214 0 P 0
L 20.8300066 42.87698054 21.7800174 42.87698054 0 P 0
L 21.0250278 51.07498294 21.0250278 52.82499214 0 P 0
L 21.0250278 51.07498294 21.9749878 51.07498294 0 P 0
L 21.0250278 52.82499214 21.9749878 52.82499214 0 P 0
L 21.3800182 10.62700694 21.3800182 12.37701614 0 P 0
L 21.6430098 20.73102534 21.6430098 22.48098374 0 P 0
L 21.7680286 30.83097974 21.7680286 32.58098894 0 P 0
L 21.7800174 41.12702214 21.7800174 42.87698054 0 P 0
L 21.9749878 51.07498294 21.9749878 52.82499214 0 P 0
L 22.6799902 42.05701774 22.6799902 43.04700814 0 P 0
L 22.6799902 42.05701774 24.3299742 42.05701774 0 P 0
L 22.6799902 43.04700814 24.3299742 43.04700814 0 P 0
L 22.8750114 52.00497854 22.8750114 52.99501974 0 P 0
L 22.8750114 52.00497854 24.5249954 52.00497854 0 P 0
L 22.8750114 52.99501974 24.5249954 52.99501974 0 P 0
L 24.3299742 42.05701774 24.3299742 43.04700814 0 P 0
L 24.5249954 52.00497854 24.5249954 52.99501974 0 P 0
L 26.6500102 21.60498854 26.6500102 22.59497894 0 P 0
L 26.6500102 21.60498854 28.2999942 21.60498854 0 P 0
L 26.6500102 22.59497894 28.2999942 22.59497894 0 P 0
L 26.7749782 31.70499374 26.7749782 32.69498414 0 P 0
L 26.7749782 31.70499374 28.425013 31.70499374 0 P 0
L 26.7749782 32.69498414 28.425013 32.69498414 0 P 0
L 28.2999942 21.60498854 28.2999942 22.59497894 0 P 0
L 28.425013 31.70499374 28.425013 32.69498414 0 P 0
L 29.5750234 12.60500654 29.5750234 13.59499694 0 P 0
L 29.5750234 12.60500654 31.2250074 12.60500654 0 P 0
L 29.5750234 13.59499694 31.2250074 13.59499694 0 P 0
L 31.2250074 12.60500654 31.2250074 13.59499694 0 P 0
L 58.5050138 11.30000534 58.5050138 12.94998934 0 P 0
L 58.5050138 11.30000534 59.4950042 11.30000534 0 P 0
L 58.5050138 12.94998934 59.4950042 12.94998934 0 P 0
L 58.5050138 22.04999654 58.5050138 23.69998054 0 P 0
L 58.5050138 22.04999654 59.4950042 22.04999654 0 P 0
L 58.5050138 23.69998054 59.4950042 23.69998054 0 P 0
L 58.5050138 33.05002534 58.5050138 34.70000934 0 P 0
L 58.5050138 33.05002534 59.4950042 33.05002534 0 P 0
L 58.5050138 34.70000934 59.4950042 34.70000934 0 P 0
L 59.4950042 11.30000534 59.4950042 12.94998934 0 P 0
L 59.4950042 22.04999654 59.4950042 23.69998054 0 P 0
L 59.4950042 33.05002534 59.4950042 34.70000934 0 P 0
L 60.299981 42.50502294 60.299981 43.49501334 0 P 0
L 60.299981 42.50502294 61.9500158 42.50502294 0 P 0
L 60.299981 43.49501334 61.9500158 43.49501334 0 P 0
L 60.554997 53.43002014 60.554997 54.42001054 0 P 0
L 60.554997 53.43002014 62.204981 53.43002014 0 P 0
L 60.554997 54.42001054 62.204981 54.42001054 0 P 0
L 61.9500158 42.50502294 61.9500158 43.49501334 0 P 0
L 62.204981 53.43002014 62.204981 54.42001054 0 P 0
L 62.970029 42.74200494 62.970029 44.49201414 0 P 0
L 62.970029 42.74200494 63.919989 42.74200494 0 P 0
L 62.970029 44.49201414 63.919989 44.49201414 0 P 0
L 63.0249946 10.79200534 63.0249946 12.54201454 0 P 0
L 63.0249946 10.79200534 63.9750054 10.79200534 0 P 0
L 63.0249946 12.54201454 63.9750054 12.54201454 0 P 0
L 63.0249946 21.54199654 63.0249946 23.29200574 0 P 0
L 63.0249946 21.54199654 63.9750054 21.54199654 0 P 0
L 63.0249946 23.29200574 63.9750054 23.29200574 0 P 0
L 63.0249946 32.54197454 63.0249946 34.29198374 0 P 0
L 63.0249946 32.54197454 63.9750054 32.54197454 0 P 0
L 63.0249946 34.29198374 63.9750054 34.29198374 0 P 0
L 63.2300234 52.50002454 63.2300234 54.24998294 0 P 0
L 63.2300234 52.50002454 64.1799834 52.50002454 0 P 0
L 63.2300234 54.24998294 64.1799834 54.24998294 0 P 0
L 63.919989 42.74200494 63.919989 44.49201414 0 P 0
L 63.9750054 10.79200534 63.9750054 12.54201454 0 P 0
L 63.9750054 21.54199654 63.9750054 23.29200574 0 P 0
L 63.9750054 32.54197454 63.9750054 34.29198374 0 P 0
L 64.1799834 52.50002454 64.1799834 54.24998294 0 P 0
L 64.824991 42.50502294 64.824991 43.49501334 0 P 0
L 64.824991 42.50502294 66.4750258 42.50502294 0 P 0
L 64.824991 43.49501334 66.4750258 43.49501334 0 P 0
L 64.8800074 32.30499254 64.8800074 33.29498294 0 P 0
L 64.8800074 32.30499254 66.5299914 32.30499254 0 P 0
L 64.8800074 33.29498294 66.5299914 33.29498294 0 P 0
L 65.080007 53.43002014 65.080007 54.42001054 0 P 0
L 65.080007 53.43002014 66.729991 53.43002014 0 P 0
L 65.080007 54.42001054 66.729991 54.42001054 0 P 0
L 66.4750258 42.50502294 66.4750258 43.49501334 0 P 0
L 66.5299914 32.30499254 66.5299914 33.29498294 0 P 0
L 66.729991 53.43002014 66.729991 54.42001054 0 P 0
L 70.1100198 10.90000614 70.1100198 12.54999014 0 P 0
L 70.1100198 10.90000614 71.1000102 10.90000614 0 P 0
L 70.1100198 12.54999014 71.1000102 12.54999014 0 P 0
L 70.1100198 21.64999734 70.1100198 23.29998134 0 P 0
L 70.1100198 21.64999734 71.1000102 21.64999734 0 P 0
L 70.1100198 23.29998134 71.1000102 23.29998134 0 P 0
L 71.1000102 10.90000614 71.1000102 12.54999014 0 P 0
L 71.1000102 21.64999734 71.1000102 23.29998134 0 P 0
L 99.7049822 28.57500254 99.7049822 30.22498654 0 P 0
L 99.7049822 28.57500254 100.6950234 28.57500254 0 P 0
L 99.7049822 30.22498654 100.6950234 30.22498654 0 P 0
L 100.2050066 5.92282534 100.2050066 7.57286014 0 P 0
L 100.2050066 5.92282534 101.194997 5.92282534 0 P 0
L 100.2050066 7.57286014 101.194997 7.57286014 0 P 0
L 100.2050066 17.92285214 100.2050066 19.57283614 0 P 0
L 100.2050066 17.92285214 101.194997 17.92285214 0 P 0
L 100.2050066 19.57283614 101.194997 19.57283614 0 P 0
L 100.6950234 28.57500254 100.6950234 30.22498654 0 P 0
L 101.194997 5.92282534 101.194997 7.57286014 0 P 0
L 101.194997 17.92285214 101.194997 19.57283614 0 P 0
L 101.2050046 42.67499974 101.2050046 44.32498374 0 P 0
L 101.2050046 42.67499974 102.194995 42.67499974 0 P 0
L 101.2050046 44.32498374 102.194995 44.32498374 0 P 0
L 101.3469906 52.51699174 101.3469906 54.16702654 0 P 0
L 101.3469906 52.51699174 102.336981 52.51699174 0 P 0
L 101.3469906 54.16702654 102.336981 54.16702654 0 P 0
L 102.194995 42.67499974 102.194995 44.32498374 0 P 0
L 102.336981 52.51699174 102.336981 54.16702654 0 P 0
L 106.1829982 28.54101734 106.1829982 30.29102654 0 P 0
L 106.1829982 28.54101734 107.133009 28.54101734 0 P 0
L 106.1829982 30.29102654 107.133009 30.29102654 0 P 0
L 106.1829982 38.08298454 106.1829982 39.83299374 0 P 0
L 106.1829982 38.08298454 107.133009 38.08298454 0 P 0
L 106.1829982 39.83299374 107.133009 39.83299374 0 P 0
L 106.3249842 47.92497654 106.3249842 49.67498574 0 P 0
L 106.3249842 47.92497654 107.274995 47.92497654 0 P 0
L 106.3249842 49.67498574 107.274995 49.67498574 0 P 0
L 106.6830226 5.88884014 106.6830226 7.63884934 0 P 0
L 106.6830226 5.88884014 107.6329826 5.88884014 0 P 0
L 106.6830226 7.63884934 107.6329826 7.63884934 0 P 0
L 106.6830226 17.88886694 106.6830226 19.63882534 0 P 0
L 106.6830226 17.88886694 107.6329826 17.88886694 0 P 0
L 106.6830226 19.63882534 107.6329826 19.63882534 0 P 0
L 107.133009 28.54101734 107.133009 30.29102654 0 P 0
L 107.133009 38.08298454 107.133009 39.83299374 0 P 0
L 107.274995 47.92497654 107.274995 49.67498574 0 P 0
L 107.6329826 5.88884014 107.6329826 7.63884934 0 P 0
L 107.6329826 17.88886694 107.6329826 19.63882534 0 P 0
L 112.9519966 52.11699254 112.9519966 53.76697654 0 P 0
L 112.9519966 52.11699254 113.941987 52.11699254 0 P 0
L 112.9519966 53.76697654 113.941987 53.76697654 0 P 0
L 113.941987 52.11699254 113.941987 53.76697654 0 P 0
L 116.1050002 32.43300854 116.1050002 34.08299254 0 P 0
L 116.1050002 32.43300854 117.0949906 32.43300854 0 P 0
L 116.1050002 34.08299254 117.0949906 34.08299254 0 P 0
L 116.1050002 41.97497574 116.1050002 43.62501054 0 P 0
L 116.1050002 41.97497574 117.0949906 41.97497574 0 P 0
L 116.1050002 43.62501054 117.0949906 43.62501054 0 P 0
L 116.6050246 9.78083134 116.6050246 11.43086614 0 P 0
L 116.6050246 9.78083134 117.595015 9.78083134 0 P 0
L 116.6050246 11.43086614 117.595015 11.43086614 0 P 0
L 116.6050246 21.78085814 116.6050246 23.43084214 0 P 0
L 116.6050246 21.78085814 117.595015 21.78085814 0 P 0
L 116.6050246 23.43084214 117.595015 23.43084214 0 P 0
L 117.0949906 32.43300854 117.0949906 34.08299254 0 P 0
L 117.0949906 41.97497574 117.0949906 43.62501054 0 P 0
L 117.595015 9.78083134 117.595015 11.43086614 0 P 0
L 117.595015 21.78085814 117.595015 23.43084214 0 P 0
L 140.947013 5.92800694 140.947013 7.57799094 0 P 0
L 140.947013 5.92800694 141.9370034 5.92800694 0 P 0
L 140.947013 7.57799094 141.9370034 7.57799094 0 P 0
L 141.1470126 17.72798334 141.1470126 19.37801814 0 P 0
L 141.1470126 17.72798334 142.137003 17.72798334 0 P 0
L 141.1470126 19.37801814 142.137003 19.37801814 0 P 0
L 141.1470126 27.72801414 141.1470126 29.37799814 0 P 0
L 141.1470126 27.72801414 142.137003 27.72801414 0 P 0
L 141.1470126 29.37799814 142.137003 29.37799814 0 P 0
L 141.1470126 37.72799414 141.1470126 39.37797814 0 P 0
L 141.1470126 37.72799414 142.137003 37.72799414 0 P 0
L 141.1470126 39.37797814 142.137003 39.37797814 0 P 0
L 141.1470126 47.72802494 141.1470126 49.37800894 0 P 0
L 141.1470126 47.72802494 142.137003 47.72802494 0 P 0
L 141.1470126 49.37800894 142.137003 49.37800894 0 P 0
L 141.9370034 5.92800694 141.9370034 7.57799094 0 P 0
L 142.137003 17.72798334 142.137003 19.37801814 0 P 0
L 142.137003 27.72801414 142.137003 29.37799814 0 P 0
L 142.137003 37.72799414 142.137003 39.37797814 0 P 0
L 142.137003 47.72802494 142.137003 49.37800894 0 P 0
L 147.4249782 5.89402174 147.4249782 7.64398014 0 P 0
L 147.4249782 5.89402174 148.374989 5.89402174 0 P 0
L 147.4249782 7.64398014 148.374989 7.64398014 0 P 0
L 147.6249778 17.69399814 147.6249778 19.44400734 0 P 0
L 147.6249778 17.69399814 148.5749886 17.69399814 0 P 0
L 147.6249778 19.44400734 148.5749886 19.44400734 0 P 0
L 147.6249778 27.69397814 147.6249778 29.44398734 0 P 0
L 147.6249778 27.69397814 148.5749886 27.69397814 0 P 0
L 147.6249778 29.44398734 148.5749886 29.44398734 0 P 0
L 147.6249778 37.69400894 147.6249778 39.44401814 0 P 0
L 147.6249778 37.69400894 148.5749886 37.69400894 0 P 0
L 147.6249778 39.44401814 148.5749886 39.44401814 0 P 0
L 147.6249778 47.69398894 147.6249778 49.44399814 0 P 0
L 147.6249778 47.69398894 148.5749886 47.69398894 0 P 0
L 147.6249778 49.44399814 148.5749886 49.44399814 0 P 0
L 148.374989 5.89402174 148.374989 7.64398014 0 P 0
L 148.5749886 17.69399814 148.5749886 19.44400734 0 P 0
L 148.5749886 27.69397814 148.5749886 29.44398734 0 P 0
L 148.5749886 37.69400894 148.5749886 39.44401814 0 P 0
L 148.5749886 47.69398894 148.5749886 49.44399814 0 P 0
L 157.3469802 9.78601294 157.3469802 11.43599694 0 P 0
L 157.3469802 9.78601294 158.3370214 9.78601294 0 P 0
L 157.3469802 11.43599694 158.3370214 11.43599694 0 P 0
L 157.5469798 21.58598934 157.5469798 23.23602414 0 P 0
L 157.5469798 21.58598934 158.537021 21.58598934 0 P 0
L 157.5469798 23.23602414 158.537021 23.23602414 0 P 0
L 157.5469798 31.58602014 157.5469798 33.23600414 0 P 0
L 157.5469798 31.58602014 158.537021 31.58602014 0 P 0
L 157.5469798 33.23600414 158.537021 33.23600414 0 P 0
L 157.5469798 41.58600014 157.5469798 43.23598414 0 P 0
L 157.5469798 41.58600014 158.537021 41.58600014 0 P 0
L 157.5469798 43.23598414 158.537021 43.23598414 0 P 0
L 157.5469798 51.58598014 157.5469798 53.23601494 0 P 0
L 157.5469798 51.58598014 158.537021 51.58598014 0 P 0
L 157.5469798 53.23601494 158.537021 53.23601494 0 P 0
L 158.3370214 9.78601294 158.3370214 11.43599694 0 P 0
L 158.537021 21.58598934 158.537021 23.23602414 0 P 0
L 158.537021 31.58602014 158.537021 33.23600414 0 P 0
L 158.537021 41.58600014 158.537021 43.23598414 0 P 0
L 158.537021 51.58598014 158.537021 53.23601494 0 P 0
L 184.4250058 17.92499082 184.4250058 19.67500002 0 P 0
L 184.4250058 17.92499082 185.3750166 17.92499082 0 P 0
L 184.4250058 19.67500002 185.3750166 19.67500002 0 P 0
L 185.3750166 17.92499082 185.3750166 19.67500002 0 P 0
L 185.80501574 51.37503314 185.80501574 53.02501714 0 P 0
L 185.80501574 51.37503314 186.79500614 51.37503314 0 P 0
L 185.80501574 53.02501714 186.79500614 53.02501714 0 P 0
L 186.17499214 32.50501754 186.17499214 33.49500794 0 P 0
L 186.17499214 32.50501754 187.82497614 32.50501754 0 P 0
L 186.17499214 33.49500794 187.82497614 33.49500794 0 P 0
L 186.37504254 39.10500434 186.37504254 40.09499474 0 P 0
L 186.37504254 39.10500434 188.02502654 39.10500434 0 P 0
L 186.37504254 40.09499474 188.02502654 40.09499474 0 P 0
L 186.47499154 10.90498962 186.47499154 11.89498002 0 P 0
L 186.47499154 10.90498962 188.12502634 10.90498962 0 P 0
L 186.47499154 11.89498002 188.12502634 11.89498002 0 P 0
L 186.79500614 51.37503314 186.79500614 53.02501714 0 P 0
L 187.82497614 32.50501754 187.82497614 33.49500794 0 P 0
L 188.02502654 39.10500434 188.02502654 40.09499474 0 P 0
L 188.12500094 51.52499474 188.12500094 53.27500394 0 P 0
L 188.12500094 51.52499474 189.07501174 51.52499474 0 P 0
L 188.12500094 53.27500394 189.07501174 53.27500394 0 P 0
L 188.12502634 10.90498962 188.12502634 11.89498002 0 P 0
L 189.07501174 51.52499474 189.07501174 53.27500394 0 P 0
L 189.10500914 7.67502402 189.10500914 9.32500802 0 P 0
L 189.10500914 7.67502402 190.09499954 7.67502402 0 P 0
L 189.10500914 9.32500802 190.09499954 9.32500802 0 P 0
L 190.09499954 7.67502402 190.09499954 9.32500802 0 P 0
L 190.22497134 39.02499434 190.22497134 39.97500514 0 P 0
L 190.22497134 39.02499434 191.97498054 39.02499434 0 P 0
L 190.22497134 39.97500514 191.97498054 39.97500514 0 P 0
L 190.42502174 24.92499714 190.42502174 26.67500634 0 P 0
L 190.42502174 24.92499714 191.37503254 24.92499714 0 P 0
L 190.42502174 26.67500634 191.37503254 26.67500634 0 P 0
L 190.82499554 10.92500482 190.82499554 11.87501562 0 P 0
L 190.82499554 10.92500482 192.57500474 10.92500482 0 P 0
L 190.82499554 11.87501562 192.57500474 11.87501562 0 P 0
L 191.07500774 52.80500234 191.07500774 53.79499274 0 P 0
L 191.07500774 52.80500234 192.72499174 52.80500234 0 P 0
L 191.07500774 53.79499274 192.72499174 53.79499274 0 P 0
L 191.37503254 24.92499714 191.37503254 26.67500634 0 P 0
L 191.97498054 39.02499434 191.97498054 39.97500514 0 P 0
L 192.57500474 10.92500482 192.57500474 11.87501562 0 P 0
L 192.72499174 52.80500234 192.72499174 53.79499274 0 P 0
L 193.47500294 41.80502434 193.47500294 42.79501474 0 P 0
L 193.47500294 41.80502434 195.12503774 41.80502434 0 P 0
L 193.47500294 42.79501474 195.12503774 42.79501474 0 P 0
L 193.7049974 21.87499562 193.7049974 23.52497962 0 P 0
L 193.7049974 21.87499562 194.6949878 21.87499562 0 P 0
L 193.7049974 23.52497962 194.6949878 23.52497962 0 P 0
L 194.6949878 21.87499562 194.6949878 23.52497962 0 P 0
L 195.12503774 41.80502434 195.12503774 42.79501474 0 P 0
L 196.1049926 21.87499562 196.1049926 23.52497962 0 P 0
L 196.1049926 21.87499562 197.094983 21.87499562 0 P 0
L 196.1049926 23.52497962 197.094983 23.52497962 0 P 0
L 196.30496934 27.37503034 196.30496934 29.02501434 0 P 0
L 196.30496934 27.37503034 197.29495974 27.37503034 0 P 0
L 196.30496934 29.02501434 197.29495974 29.02501434 0 P 0
L 197.094983 21.87499562 197.094983 23.52497962 0 P 0
L 197.29495974 27.37503034 197.29495974 29.02501434 0 P 0
