UNITS=MM
#Layer_Color=32768
#
#Feature symbol names
#
$0 r99.9998
$1 r49.9999

#
#Feature attribute names
#

#
#Layer features
#
L 8.80000018 9.90000052 8.80000018 15.49999948 1 P 0
L 8.80000018 9.90000052 16.59999982 9.90000052 1 P 0
L 8.80000018 15.49999948 16.59999982 15.49999948 1 P 0
L 12.200001 12.7 13.20000154 12.7 0 P 0
L 12.7 12.19999846 12.7 13.199999 0 P 0
L 16.59999982 9.90000052 16.59999982 15.49999948 1 P 0
L 20.49999964 5.6000015 20.49999964 12.4000006 1 P 0
L 20.49999964 5.6000015 29.50000196 5.6000015 1 P 0
L 20.49999964 12.4000006 29.50000196 12.4000006 1 P 0
L 24.5000018 8.99999978 25.50000234 8.99999978 0 P 0
L 25.0000008 8.50000078 25.0000008 9.50000132 0 P 0
L 26.4999978 18.39999876 26.4999978 20.5999969 1 P 0
L 26.4999978 18.39999876 29.49999942 18.39999876 1 P 0
L 26.4999978 20.5999969 29.49999942 20.5999969 1 P 0
L 26.6499975 13.00000194 26.6499975 14.50000148 1 P 0
L 26.6499975 13.00000194 29.34999972 13.00000194 1 P 0
L 26.6499975 14.50000148 29.34999972 14.50000148 1 P 0
L 27.49999834 19.4999991 28.49999888 19.4999991 0 P 0
L 27.52499956 13.75000044 28.47499766 13.75000044 0 P 0
L 27.74999784 15.15000018 27.74999784 17.84999986 1 P 0
L 27.74999784 15.15000018 29.24999738 15.15000018 1 P 0
L 27.74999784 17.84999986 29.24999738 17.84999986 1 P 0
L 27.99999988 13.27500012 27.99999988 14.22500076 0 P 0
L 27.99999988 18.99999756 27.99999988 19.9999981 0 P 0
L 28.02499856 16.50000002 28.97499666 16.50000002 0 P 0
L 28.49999888 16.0249997 28.49999888 16.97500034 0 P 0
L 29.24999738 15.15000018 29.24999738 17.84999986 1 P 0
L 29.34999972 13.00000194 29.34999972 14.50000148 1 P 0
L 29.49999942 18.39999876 29.49999942 20.5999969 1 P 0
L 29.50000196 5.6000015 29.50000196 12.4000006 1 P 0
L 30.08700104 2.8378023 30.08700104 22.17360056 1 P 0
L 30.08700104 2.8378023 39.63100024 2.8378023 1 P 0
L 30.08700104 22.17360056 39.63100024 22.17360056 1 P 0
L 33.6090006 12.5000004 34.85900064 12.5000004 0 P 0
L 34.85900064 11.25000036 34.85900064 12.5000004 0 P 0
L 34.85900064 12.5000004 34.85900064 13.75000044 0 P 0
L 34.85900064 12.5000004 36.05900078 12.5000004 0 P 0
L 39.63100024 2.8378023 39.63100024 22.17360056 1 P 0
