UNITS=MM
#Layer_Color=32768
#
#Feature symbol names
#
$0 r199.9996
$1 r49.9999
$2 r99.9998

#
#Feature attribute names
#

#
#Layer features
#
L 51.6700008 76.60600122 51.6700008 95.60599878 0 P 0
L 51.6700008 76.60600122 65.1699992 76.60600122 0 P 0
L 51.6700008 95.60599878 65.1699992 95.60599878 0 P 0
L 57.920001 86.106 58.919999 86.106 0 P 0
L 58.42 85.606001 58.42 86.605999 0 P 0
L 65.1699992 76.60600122 65.1699992 95.60599878 0 P 0
L 72.54200122 56.4960008 72.54200122 69.9959992 0 P 0
L 72.54200122 56.4960008 91.54199878 56.4960008 0 P 0
L 72.54200122 69.9959992 91.54199878 69.9959992 0 P 0
L 77.51699762 87.1340015 77.51699762 88.63400104 1 P 0
L 77.51699762 87.1340015 80.21699984 87.1340015 1 P 0
L 77.51699762 88.63400104 80.21699984 88.63400104 1 P 0
L 77.51699762 88.7850015 77.51699762 90.28500104 1 P 0
L 77.51699762 88.7850015 80.21699984 88.7850015 1 P 0
L 77.51699762 90.28500104 80.21699984 90.28500104 1 P 0
L 78.39199968 87.884 79.34199778 87.884 2 P 0
L 78.39199968 89.535 79.34199778 89.535 2 P 0
L 78.867 87.40899968 78.867 88.35900032 2 P 0
L 78.867 89.05999968 78.867 90.01000032 2 P 0
L 80.21699984 87.1340015 80.21699984 88.63400104 1 P 0
L 80.21699984 88.7850015 80.21699984 90.28500104 1 P 0
L 81.542001 63.246 82.541999 63.246 0 P 0
L 82.042 62.746001 82.042 63.745999 0 P 0
L 91.54199878 56.4960008 91.54199878 69.9959992 0 P 0
L 93.1030015 89.70900016 93.1030015 92.40900238 1 P 0
L 93.1030015 89.70900016 94.60300104 89.70900016 1 P 0
L 93.1030015 92.40900238 94.60300104 92.40900238 1 P 0
L 93.37799968 91.059 94.32800032 91.059 2 P 0
L 93.853 90.58400222 93.853 91.53400032 2 P 0
L 94.60300104 89.70900016 94.60300104 92.40900238 1 P 0
L 94.78900016 90.05499896 94.78900016 91.5549985 1 P 0
L 94.78900016 90.05499896 97.48900238 90.05499896 1 P 0
L 94.78900016 91.5549985 97.48900238 91.5549985 1 P 0
L 95.66400222 90.805 96.61400032 90.805 2 P 0
L 96.139 90.32999968 96.139 91.28000032 2 P 0
L 97.48900238 90.05499896 97.48900238 91.5549985 1 P 0
L 108.22900122 82.4040008 108.22900122 95.9039992 0 P 0
L 108.22900122 82.4040008 127.22899878 82.4040008 0 P 0
L 108.22900122 95.9039992 127.22899878 95.9039992 0 P 0
L 115.5820015 66.08700016 115.5820015 68.78700238 1 P 0
L 115.5820015 66.08700016 117.08200104 66.08700016 1 P 0
L 115.5820015 68.78700238 117.08200104 68.78700238 1 P 0
L 115.85699968 67.437 116.80700032 67.437 2 P 0
L 116.332 66.96200222 116.332 67.91200032 2 P 0
L 117.08200104 66.08700016 117.08200104 68.78700238 1 P 0
L 117.229001 89.154 118.228999 89.154 0 P 0
L 117.3600015 66.08700016 117.3600015 68.78700238 1 P 0
L 117.3600015 66.08700016 118.86000104 66.08700016 1 P 0
L 117.3600015 68.78700238 118.86000104 68.78700238 1 P 0
L 117.63499968 67.437 118.58500032 67.437 2 P 0
L 117.729 88.654001 117.729 89.653999 0 P 0
L 118.11 66.96200222 118.11 67.91200032 2 P 0
L 118.86000104 66.08700016 118.86000104 68.78700238 1 P 0
L 127.22899878 82.4040008 127.22899878 95.9039992 0 P 0
