UNITS=MM
#Layer_Color=9474304
#
#Feature symbol names
#
$0 r169.33164
$1 r127

#
#Feature attribute names
#

#
#Layer features
#
A 150.5079794 29.30002014 150.5079794 29.30002014 149.9999794 29.30002014 0 P 0 N
A 187.4079818 19.49999402 187.4079818 19.49999402 186.8999818 19.49999402 0 P 0 N
A 189.10798094 49.90000434 189.10798094 49.90000434 188.59998094 49.90000434 0 P 0 N
A 189.40800574 25.10000314 189.40800574 25.10000314 188.90000574 25.10000314 0 P 0 N
A 191.30802734 51.59997554 191.30802734 51.59997554 190.80002734 51.59997554 0 P 0 N
A 192.20800014 41.30002154 192.20800014 41.30002154 191.70000014 41.30002154 0 P 0 N
A 192.40799974 37.69997794 192.40799974 37.69997794 191.89999974 37.69997794 0 P 0 N
A 192.90800128 9.49999878 192.90800128 9.49999878 192.40000128 9.49999878 0 P 0 N
A 193.12560054 25.12499674 193.12560054 25.12499674 192.61760054 25.12499674 0 P 0 N
A 194.70800022 11.49999986 194.70800022 11.49999986 194.20000022 11.49999986 0 P 0 N
A 194.70802054 39.39999994 194.70802054 39.39999994 194.20002054 39.39999994 0 P 0 N
L 10.9250226 9.18799534 10.9250226 10.20399534 1 P 0
L 10.9250226 9.18799534 11.9410226 9.18799534 1 P 0
L 10.9250226 10.20399534 11.9410226 10.20399534 1 P 0
L 10.9250226 12.99799534 10.9250226 14.01399534 1 P 0
L 10.9250226 12.99799534 11.9410226 12.99799534 1 P 0
L 10.9250226 14.01399534 11.9410226 14.01399534 1 P 0
L 11.1880142 19.29201374 11.1880142 20.30801374 1 P 0
L 11.1880142 19.29201374 12.2040142 19.29201374 1 P 0
L 11.1880142 20.30801374 12.2040142 20.30801374 1 P 0
L 11.1880142 23.10201374 11.1880142 24.11801374 1 P 0
L 11.1880142 23.10201374 12.2040142 23.10201374 1 P 0
L 11.1880142 24.11801374 12.2040142 24.11801374 1 P 0
L 11.3129822 29.39201894 11.3129822 30.40801894 1 P 0
L 11.3129822 29.39201894 12.3289822 29.39201894 1 P 0
L 11.3129822 30.40801894 12.3289822 30.40801894 1 P 0
L 11.3129822 33.20201894 11.3129822 34.21801894 1 P 0
L 11.3129822 33.20201894 12.3289822 33.20201894 1 P 0
L 11.3129822 34.21801894 12.3289822 34.21801894 1 P 0
L 11.3250218 39.68801054 11.3250218 40.70401054 1 P 0
L 11.3250218 39.68801054 12.3410218 39.68801054 1 P 0
L 11.3250218 40.70401054 12.3410218 40.70401054 1 P 0
L 11.3250218 43.49801054 11.3250218 44.51401054 1 P 0
L 11.3250218 43.49801054 12.3410218 43.49801054 1 P 0
L 11.3250218 44.51401054 12.3410218 44.51401054 1 P 0
L 11.5199922 49.63602214 11.5199922 50.65202214 1 P 0
L 11.5199922 49.63602214 12.5359922 49.63602214 1 P 0
L 11.5199922 50.65202214 12.5359922 50.65202214 1 P 0
L 11.5199922 53.44602214 11.5199922 54.46202214 1 P 0
L 11.5199922 53.44602214 12.5359922 53.44602214 1 P 0
L 11.5199922 54.46202214 12.5359922 54.46202214 1 P 0
L 11.9410226 9.18799534 11.9410226 10.20399534 1 P 0
L 11.9410226 12.99799534 11.9410226 14.01399534 1 P 0
L 12.2040142 19.29201374 12.2040142 20.30801374 1 P 0
L 12.2040142 23.10201374 12.2040142 24.11801374 1 P 0
L 12.3289822 29.39201894 12.3289822 30.40801894 1 P 0
L 12.3289822 33.20201894 12.3289822 34.21801894 1 P 0
L 12.3410218 39.68801054 12.3410218 40.70401054 1 P 0
L 12.3410218 43.49801054 12.3410218 44.51401054 1 P 0
L 12.5359922 49.63602214 12.5359922 50.65202214 1 P 0
L 12.5359922 53.44602214 12.5359922 54.46202214 1 P 0
L 33.7449922 8.98901174 33.7449922 10.00501174 1 P 0
L 33.7449922 8.98901174 34.7609922 8.98901174 1 P 0
L 33.7449922 10.00501174 34.7609922 10.00501174 1 P 0
L 33.7449922 12.79901174 33.7449922 13.81501174 1 P 0
L 33.7449922 12.79901174 34.7609922 12.79901174 1 P 0
L 33.7449922 13.81501174 34.7609922 13.81501174 1 P 0
L 34.0079838 19.09297934 34.0079838 20.10897934 1 P 0
L 34.0079838 19.09297934 35.0239838 19.09297934 1 P 0
L 34.0079838 20.10897934 35.0239838 20.10897934 1 P 0
L 34.0079838 22.90297934 34.0079838 23.91897934 1 P 0
L 34.0079838 22.90297934 35.0239838 22.90297934 1 P 0
L 34.0079838 23.91897934 35.0239838 23.91897934 1 P 0
L 34.1330026 29.19298454 34.1330026 30.20898454 1 P 0
L 34.1330026 29.19298454 35.1490026 29.19298454 1 P 0
L 34.1330026 30.20898454 35.1490026 30.20898454 1 P 0
L 34.1330026 33.00298454 34.1330026 34.01898454 1 P 0
L 34.1330026 33.00298454 35.1490026 33.00298454 1 P 0
L 34.1330026 34.01898454 35.1490026 34.01898454 1 P 0
L 34.1449914 39.48902694 34.1449914 40.50502694 1 P 0
L 34.1449914 39.48902694 35.1609914 39.48902694 1 P 0
L 34.1449914 40.50502694 35.1609914 40.50502694 1 P 0
L 34.1449914 43.29902694 34.1449914 44.31502694 1 P 0
L 34.1449914 43.29902694 35.1609914 43.29902694 1 P 0
L 34.1449914 44.31502694 35.1609914 44.31502694 1 P 0
L 34.3400126 49.43698774 34.3400126 50.45298774 1 P 0
L 34.3400126 49.43698774 35.3560126 49.43698774 1 P 0
L 34.3400126 50.45298774 35.3560126 50.45298774 1 P 0
L 34.3400126 53.24698774 34.3400126 54.26298774 1 P 0
L 34.3400126 53.24698774 35.3560126 53.24698774 1 P 0
L 34.3400126 54.26298774 35.3560126 54.26298774 1 P 0
L 34.7609922 8.98901174 34.7609922 10.00501174 1 P 0
L 34.7609922 12.79901174 34.7609922 13.81501174 1 P 0
L 35.0239838 19.09297934 35.0239838 20.10897934 1 P 0
L 35.0239838 22.90297934 35.0239838 23.91897934 1 P 0
L 35.1490026 29.19298454 35.1490026 30.20898454 1 P 0
L 35.1490026 33.00298454 35.1490026 34.01898454 1 P 0
L 35.1609914 39.48902694 35.1609914 40.50502694 1 P 0
L 35.1609914 43.29902694 35.1609914 44.31502694 1 P 0
L 35.3560126 49.43698774 35.3560126 50.45298774 1 P 0
L 35.3560126 53.24698774 35.3560126 54.26298774 1 P 0
L 53.4700226 40.13601574 53.4700226 41.15201574 1 P 0
L 53.4700226 40.13601574 54.4860226 40.13601574 1 P 0
L 53.4700226 41.15201574 54.4860226 41.15201574 1 P 0
L 53.4700226 43.94601574 53.4700226 44.96201574 1 P 0
L 53.4700226 43.94601574 54.4860226 43.94601574 1 P 0
L 53.4700226 44.96201574 54.4860226 44.96201574 1 P 0
L 53.5249882 8.18601614 53.5249882 9.20201614 1 P 0
L 53.5249882 8.18601614 54.5409882 8.18601614 1 P 0
L 53.5249882 9.20201614 54.5409882 9.20201614 1 P 0
L 53.5249882 11.99601614 53.5249882 13.01201614 1 P 0
L 53.5249882 11.99601614 54.5409882 11.99601614 1 P 0
L 53.5249882 13.01201614 54.5409882 13.01201614 1 P 0
L 53.5249882 18.93600734 53.5249882 19.95200734 1 P 0
L 53.5249882 18.93600734 54.5409882 18.93600734 1 P 0
L 53.5249882 19.95200734 54.5409882 19.95200734 1 P 0
L 53.5249882 22.74600734 53.5249882 23.76200734 1 P 0
L 53.5249882 22.74600734 54.5409882 22.74600734 1 P 0
L 53.5249882 23.76200734 54.5409882 23.76200734 1 P 0
L 53.5249882 29.93598534 53.5249882 30.95198534 1 P 0
L 53.5249882 29.93598534 54.5409882 29.93598534 1 P 0
L 53.5249882 30.95198534 54.5409882 30.95198534 1 P 0
L 53.5249882 33.74598534 53.5249882 34.76198534 1 P 0
L 53.5249882 33.74598534 54.5409882 33.74598534 1 P 0
L 53.5249882 34.76198534 54.5409882 34.76198534 1 P 0
L 53.7249878 51.06101294 53.7249878 52.07701294 1 P 0
L 53.7249878 51.06101294 54.7409878 51.06101294 1 P 0
L 53.7249878 52.07701294 54.7409878 52.07701294 1 P 0
L 53.7249878 54.87101294 53.7249878 55.88701294 1 P 0
L 53.7249878 54.87101294 54.7409878 54.87101294 1 P 0
L 53.7249878 55.88701294 54.7409878 55.88701294 1 P 0
L 54.4860226 40.13601574 54.4860226 41.15201574 1 P 0
L 54.4860226 43.94601574 54.4860226 44.96201574 1 P 0
L 54.5409882 8.18601614 54.5409882 9.20201614 1 P 0
L 54.5409882 11.99601614 54.5409882 13.01201614 1 P 0
L 54.5409882 18.93600734 54.5409882 19.95200734 1 P 0
L 54.5409882 22.74600734 54.5409882 23.76200734 1 P 0
L 54.5409882 29.93598534 54.5409882 30.95198534 1 P 0
L 54.5409882 33.74598534 54.5409882 34.76198534 1 P 0
L 54.7409878 51.06101294 54.7409878 52.07701294 1 P 0
L 54.7409878 54.87101294 54.7409878 55.88701294 1 P 0
L 76.2899922 39.93698134 76.2899922 40.95298134 1 P 0
L 76.2899922 39.93698134 77.3059922 39.93698134 1 P 0
L 76.2899922 40.95298134 77.3059922 40.95298134 1 P 0
L 76.2899922 43.74698134 76.2899922 44.76298134 1 P 0
L 76.2899922 43.74698134 77.3059922 43.74698134 1 P 0
L 76.2899922 44.76298134 77.3059922 44.76298134 1 P 0
L 76.3450086 7.98698174 76.3450086 9.00298174 1 P 0
L 76.3450086 7.98698174 77.3610086 7.98698174 1 P 0
L 76.3450086 9.00298174 77.3610086 9.00298174 1 P 0
L 76.3450086 11.79698174 76.3450086 12.81298174 1 P 0
L 76.3450086 11.79698174 77.3610086 11.79698174 1 P 0
L 76.3450086 12.81298174 77.3610086 12.81298174 1 P 0
L 76.3450086 18.73702374 76.3450086 19.75302374 1 P 0
L 76.3450086 18.73702374 77.3610086 18.73702374 1 P 0
L 76.3450086 19.75302374 77.3610086 19.75302374 1 P 0
L 76.3450086 22.54702374 76.3450086 23.56302374 1 P 0
L 76.3450086 22.54702374 77.3610086 22.54702374 1 P 0
L 76.3450086 23.56302374 77.3610086 23.56302374 1 P 0
L 76.3450086 29.73700174 76.3450086 30.75300174 1 P 0
L 76.3450086 29.73700174 77.3610086 29.73700174 1 P 0
L 76.3450086 30.75300174 77.3610086 30.75300174 1 P 0
L 76.3450086 33.54700174 76.3450086 34.56300174 1 P 0
L 76.3450086 33.54700174 77.3610086 33.54700174 1 P 0
L 76.3450086 34.56300174 77.3610086 34.56300174 1 P 0
L 76.5450082 50.86197854 76.5450082 51.87797854 1 P 0
L 76.5450082 50.86197854 77.5610082 50.86197854 1 P 0
L 76.5450082 51.87797854 77.5610082 51.87797854 1 P 0
L 76.5450082 54.67197854 76.5450082 55.68797854 1 P 0
L 76.5450082 54.67197854 77.5610082 54.67197854 1 P 0
L 76.5450082 55.68797854 77.5610082 55.68797854 1 P 0
L 77.3059922 39.93698134 77.3059922 40.95298134 1 P 0
L 77.3059922 43.74698134 77.3059922 44.76298134 1 P 0
L 77.3610086 7.98698174 77.3610086 9.00298174 1 P 0
L 77.3610086 11.79698174 77.3610086 12.81298174 1 P 0
L 77.3610086 18.73702374 77.3610086 19.75302374 1 P 0
L 77.3610086 22.54702374 77.3610086 23.56302374 1 P 0
L 77.3610086 29.73700174 77.3610086 30.75300174 1 P 0
L 77.3610086 33.54700174 77.3610086 34.56300174 1 P 0
L 77.5610082 50.86197854 77.5610082 51.87797854 1 P 0
L 77.5610082 54.67197854 77.5610082 55.68797854 1 P 0
L 96.224979 30.01899254 96.224979 31.03499254 1 P 0
L 96.224979 30.01899254 97.240979 30.01899254 1 P 0
L 96.224979 31.03499254 97.240979 31.03499254 1 P 0
L 96.224979 33.82899254 96.224979 34.84499254 1 P 0
L 96.224979 33.82899254 97.240979 33.82899254 1 P 0
L 96.224979 34.84499254 97.240979 34.84499254 1 P 0
L 96.224979 39.56101054 96.224979 40.57701054 1 P 0
L 96.224979 39.56101054 97.240979 39.56101054 1 P 0
L 96.224979 40.57701054 97.240979 40.57701054 1 P 0
L 96.224979 43.37101054 96.224979 44.38701054 1 P 0
L 96.224979 43.37101054 97.240979 43.37101054 1 P 0
L 96.224979 44.38701054 97.240979 44.38701054 1 P 0
L 96.3670158 49.40300254 96.3670158 50.41900254 1 P 0
L 96.3670158 49.40300254 97.3830158 49.40300254 1 P 0
L 96.3670158 50.41900254 97.3830158 50.41900254 1 P 0
L 96.3670158 53.21300254 96.3670158 54.22900254 1 P 0
L 96.3670158 53.21300254 97.3830158 53.21300254 1 P 0
L 96.3670158 54.22900254 97.3830158 54.22900254 1 P 0
L 96.7250034 7.36686614 96.7250034 8.38286614 1 P 0
L 96.7250034 7.36686614 97.7410034 7.36686614 1 P 0
L 96.7250034 8.38286614 97.7410034 8.38286614 1 P 0
L 96.7250034 11.17686614 96.7250034 12.19286614 1 P 0
L 96.7250034 11.17686614 97.7410034 11.17686614 1 P 0
L 96.7250034 12.19286614 97.7410034 12.19286614 1 P 0
L 96.7250034 19.36684214 96.7250034 20.38284214 1 P 0
L 96.7250034 19.36684214 97.7410034 19.36684214 1 P 0
L 96.7250034 20.38284214 97.7410034 20.38284214 1 P 0
L 96.7250034 23.17684214 96.7250034 24.19284214 1 P 0
L 96.7250034 23.17684214 97.7410034 23.17684214 1 P 0
L 96.7250034 24.19284214 97.7410034 24.19284214 1 P 0
L 97.240979 30.01899254 97.240979 31.03499254 1 P 0
L 97.240979 33.82899254 97.240979 34.84499254 1 P 0
L 97.240979 39.56101054 97.240979 40.57701054 1 P 0
L 97.240979 43.37101054 97.240979 44.38701054 1 P 0
L 97.3830158 49.40300254 97.3830158 50.41900254 1 P 0
L 97.3830158 53.21300254 97.3830158 54.22900254 1 P 0
L 97.7410034 7.36686614 97.7410034 8.38286614 1 P 0
L 97.7410034 11.17686614 97.7410034 12.19286614 1 P 0
L 97.7410034 19.36684214 97.7410034 20.38284214 1 P 0
L 97.7410034 23.17684214 97.7410034 24.19284214 1 P 0
L 119.0449994 29.82000894 119.0449994 30.83600894 1 P 0
L 119.0449994 29.82000894 120.0609994 29.82000894 1 P 0
L 119.0449994 30.83600894 120.0609994 30.83600894 1 P 0
L 119.0449994 33.63000894 119.0449994 34.64600894 1 P 0
L 119.0449994 33.63000894 120.0609994 33.63000894 1 P 0
L 119.0449994 34.64600894 120.0609994 34.64600894 1 P 0
L 119.0449994 39.36202694 119.0449994 40.37802694 1 P 0
L 119.0449994 39.36202694 120.0609994 39.36202694 1 P 0
L 119.0449994 40.37802694 120.0609994 40.37802694 1 P 0
L 119.0449994 43.17202694 119.0449994 44.18802694 1 P 0
L 119.0449994 43.17202694 120.0609994 43.17202694 1 P 0
L 119.0449994 44.18802694 120.0609994 44.18802694 1 P 0
L 119.1869854 49.20401894 119.1869854 50.22001894 1 P 0
L 119.1869854 49.20401894 120.2029854 49.20401894 1 P 0
L 119.1869854 50.22001894 120.2029854 50.22001894 1 P 0
L 119.1869854 53.01401894 119.1869854 54.03001894 1 P 0
L 119.1869854 53.01401894 120.2029854 53.01401894 1 P 0
L 119.1869854 54.03001894 120.2029854 54.03001894 1 P 0
L 119.5450238 7.16783174 119.5450238 8.18383174 1 P 0
L 119.5450238 7.16783174 120.5610238 7.16783174 1 P 0
L 119.5450238 8.18383174 120.5610238 8.18383174 1 P 0
L 119.5450238 10.97783174 119.5450238 11.99383174 1 P 0
L 119.5450238 10.97783174 120.5610238 10.97783174 1 P 0
L 119.5450238 11.99383174 120.5610238 11.99383174 1 P 0
L 119.5450238 19.16785854 119.5450238 20.18385854 1 P 0
L 119.5450238 19.16785854 120.5610238 19.16785854 1 P 0
L 119.5450238 20.18385854 120.5610238 20.18385854 1 P 0
L 119.5450238 22.97785854 119.5450238 23.99385854 1 P 0
L 119.5450238 22.97785854 120.5610238 22.97785854 1 P 0
L 119.5450238 23.99385854 120.5610238 23.99385854 1 P 0
L 120.0609994 29.82000894 120.0609994 30.83600894 1 P 0
L 120.0609994 33.63000894 120.0609994 34.64600894 1 P 0
L 120.0609994 39.36202694 120.0609994 40.37802694 1 P 0
L 120.0609994 43.17202694 120.0609994 44.18802694 1 P 0
L 120.2029854 49.20401894 120.2029854 50.22001894 1 P 0
L 120.2029854 53.01401894 120.2029854 54.03001894 1 P 0
L 120.5610238 7.16783174 120.5610238 8.18383174 1 P 0
L 120.5610238 10.97783174 120.5610238 11.99383174 1 P 0
L 120.5610238 19.16785854 120.5610238 20.18385854 1 P 0
L 120.5610238 22.97785854 120.5610238 23.99385854 1 P 0
L 137.4670098 7.37199694 137.4670098 8.38799694 1 P 0
L 137.4670098 7.37199694 138.4830098 7.37199694 1 P 0
L 137.4670098 8.38799694 138.4830098 8.38799694 1 P 0
L 137.4670098 11.18199694 137.4670098 12.19799694 1 P 0
L 137.4670098 11.18199694 138.4830098 11.18199694 1 P 0
L 137.4670098 12.19799694 138.4830098 12.19799694 1 P 0
L 137.6670094 19.17202414 137.6670094 20.18802414 1 P 0
L 137.6670094 19.17202414 138.6830094 19.17202414 1 P 0
L 137.6670094 20.18802414 138.6830094 20.18802414 1 P 0
L 137.6670094 22.98202414 137.6670094 23.99802414 1 P 0
L 137.6670094 22.98202414 138.6830094 22.98202414 1 P 0
L 137.6670094 23.99802414 138.6830094 23.99802414 1 P 0
L 137.6670094 29.17200414 137.6670094 30.18800414 1 P 0
L 137.6670094 29.17200414 138.6830094 29.17200414 1 P 0
L 137.6670094 30.18800414 138.6830094 30.18800414 1 P 0
L 137.6670094 32.98200414 137.6670094 33.99800414 1 P 0
L 137.6670094 32.98200414 138.6830094 32.98200414 1 P 0
L 137.6670094 33.99800414 138.6830094 33.99800414 1 P 0
L 137.6670094 39.17198414 137.6670094 40.18798414 1 P 0
L 137.6670094 39.17198414 138.6830094 39.17198414 1 P 0
L 137.6670094 40.18798414 138.6830094 40.18798414 1 P 0
L 137.6670094 42.98198414 137.6670094 43.99798414 1 P 0
L 137.6670094 42.98198414 138.6830094 42.98198414 1 P 0
L 137.6670094 43.99798414 138.6830094 43.99798414 1 P 0
L 137.6670094 49.17201494 137.6670094 50.18801494 1 P 0
L 137.6670094 49.17201494 138.6830094 49.17201494 1 P 0
L 137.6670094 50.18801494 138.6830094 50.18801494 1 P 0
L 137.6670094 52.98201494 137.6670094 53.99801494 1 P 0
L 137.6670094 52.98201494 138.6830094 52.98201494 1 P 0
L 137.6670094 53.99801494 138.6830094 53.99801494 1 P 0
L 138.4830098 7.37199694 138.4830098 8.38799694 1 P 0
L 138.4830098 11.18199694 138.4830098 12.19799694 1 P 0
L 138.6830094 19.17202414 138.6830094 20.18802414 1 P 0
L 138.6830094 22.98202414 138.6830094 23.99802414 1 P 0
L 138.6830094 29.17200414 138.6830094 30.18800414 1 P 0
L 138.6830094 32.98200414 138.6830094 33.99800414 1 P 0
L 138.6830094 39.17198414 138.6830094 40.18798414 1 P 0
L 138.6830094 42.98198414 138.6830094 43.99798414 1 P 0
L 138.6830094 49.17201494 138.6830094 50.18801494 1 P 0
L 138.6830094 52.98201494 138.6830094 53.99801494 1 P 0
L 160.08998462 19.08698748 160.08998462 20.10298748 1 P 0
L 160.08998462 19.08698748 161.10598462 19.08698748 1 P 0
L 160.08998462 20.10298748 161.10598462 20.10298748 1 P 0
L 160.08998462 22.89698748 160.08998462 23.91298748 1 P 0
L 160.08998462 22.89698748 161.10598462 22.89698748 1 P 0
L 160.08998462 23.91298748 161.10598462 23.91298748 1 P 0
L 160.2869794 7.17301334 160.2869794 8.18901334 1 P 0
L 160.2869794 7.17301334 161.3029794 7.17301334 1 P 0
L 160.2869794 8.18901334 161.3029794 8.18901334 1 P 0
L 160.2869794 10.98301334 160.2869794 11.99901334 1 P 0
L 160.2869794 10.98301334 161.3029794 10.98301334 1 P 0
L 160.2869794 11.99901334 161.3029794 11.99901334 1 P 0
L 160.486979 28.97302054 160.486979 29.98902054 1 P 0
L 160.486979 28.97302054 161.502979 28.97302054 1 P 0
L 160.486979 29.98902054 161.502979 29.98902054 1 P 0
L 160.486979 32.78302054 160.486979 33.79902054 1 P 0
L 160.486979 32.78302054 161.502979 32.78302054 1 P 0
L 160.486979 33.79902054 161.502979 33.79902054 1 P 0
L 160.486979 38.97300054 160.486979 39.98900054 1 P 0
L 160.486979 38.97300054 161.502979 38.97300054 1 P 0
L 160.486979 39.98900054 161.502979 39.98900054 1 P 0
L 160.486979 42.78300054 160.486979 43.79900054 1 P 0
L 160.486979 42.78300054 161.502979 42.78300054 1 P 0
L 160.486979 43.79900054 161.502979 43.79900054 1 P 0
L 160.486979 48.97298054 160.486979 49.98898054 1 P 0
L 160.486979 48.97298054 161.502979 48.97298054 1 P 0
L 160.486979 49.98898054 161.502979 49.98898054 1 P 0
L 160.486979 52.78298054 160.486979 53.79898054 1 P 0
L 160.486979 52.78298054 161.502979 52.78298054 1 P 0
L 160.486979 53.79898054 161.502979 53.79898054 1 P 0
L 161.10598462 19.08698748 161.10598462 20.10298748 1 P 0
L 161.10598462 22.89698748 161.10598462 23.91298748 1 P 0
L 161.3029794 7.17301334 161.3029794 8.18901334 1 P 0
L 161.3029794 10.98301334 161.3029794 11.99901334 1 P 0
L 161.502979 28.97302054 161.502979 29.98902054 1 P 0
L 161.502979 32.78302054 161.502979 33.79902054 1 P 0
L 161.502979 38.97300054 161.502979 39.98900054 1 P 0
L 161.502979 42.78300054 161.502979 43.79900054 1 P 0
L 161.502979 48.97298054 161.502979 49.98898054 1 P 0
L 161.502979 52.78298054 161.502979 53.79898054 1 P 0
L 180.19397794 6.28701562 180.19397794 7.30301562 1 P 0
L 180.19397794 6.28701562 181.20997794 6.28701562 1 P 0
L 180.19397794 7.30301562 181.20997794 7.30301562 1 P 0
L 180.19397794 10.09701562 180.19397794 11.11301562 1 P 0
L 180.19397794 10.09701562 181.20997794 10.09701562 1 P 0
L 180.19397794 11.11301562 181.20997794 11.11301562 1 P 0
L 181.093999 17.68699282 181.093999 18.70299282 1 P 0
L 181.093999 17.68699282 182.109999 17.68699282 1 P 0
L 181.093999 18.70299282 182.109999 18.70299282 1 P 0
L 181.093999 21.49699282 181.093999 22.51299282 1 P 0
L 181.093999 21.49699282 182.109999 21.49699282 1 P 0
L 181.093999 22.51299282 182.109999 22.51299282 1 P 0
L 181.1939988 28.68701908 181.1939988 29.70301908 1 P 0
L 181.1939988 28.68701908 182.2099988 28.68701908 1 P 0
L 181.1939988 29.70301908 182.2099988 29.70301908 1 P 0
L 181.1939988 32.49701908 181.1939988 33.51301908 1 P 0
L 181.1939988 32.49701908 182.2099988 32.49701908 1 P 0
L 181.1939988 33.51301908 182.2099988 33.51301908 1 P 0
L 181.20997794 6.28701562 181.20997794 7.30301562 1 P 0
L 181.20997794 10.09701562 181.20997794 11.11301562 1 P 0
L 181.29402654 39.8869916 181.29402654 40.9029916 1 P 0
L 181.29402654 39.8869916 182.31002654 39.8869916 1 P 0
L 181.29402654 40.9029916 182.31002654 40.9029916 1 P 0
L 181.29402654 43.6969916 181.29402654 44.7129916 1 P 0
L 181.29402654 43.6969916 182.31002654 43.6969916 1 P 0
L 181.29402654 44.7129916 182.31002654 44.7129916 1 P 0
L 181.49402614 50.88699754 181.49402614 51.90299754 1 P 0
L 181.49402614 50.88699754 182.51002614 50.88699754 1 P 0
L 181.49402614 51.90299754 182.51002614 51.90299754 1 P 0
L 181.49402614 54.69699754 181.49402614 55.71299754 1 P 0
L 181.49402614 54.69699754 182.51002614 54.69699754 1 P 0
L 181.49402614 55.71299754 182.51002614 55.71299754 1 P 0
L 182.109999 17.68699282 182.109999 18.70299282 1 P 0
L 182.109999 21.49699282 182.109999 22.51299282 1 P 0
L 182.2099988 28.68701908 182.2099988 29.70301908 1 P 0
L 182.2099988 32.49701908 182.2099988 33.51301908 1 P 0
L 182.31002654 39.8869916 182.31002654 40.9029916 1 P 0
L 182.31002654 43.6969916 182.31002654 44.7129916 1 P 0
L 182.51002614 50.88699754 182.51002614 51.90299754 1 P 0
L 182.51002614 54.69699754 182.51002614 55.71299754 1 P 0
L 200.3900234 28.48702202 200.3900234 29.50302202 1 P 0
L 200.3900234 28.48702202 201.4060234 28.48702202 1 P 0
L 200.3900234 29.50302202 201.4060234 29.50302202 1 P 0
L 200.3900234 32.29702202 200.3900234 33.31302202 1 P 0
L 200.3900234 32.29702202 201.4060234 32.29702202 1 P 0
L 200.3900234 33.31302202 201.4060234 33.31302202 1 P 0
L 200.6900228 39.88702208 200.6900228 40.90302208 1 P 0
L 200.6900228 39.88702208 201.7060228 39.88702208 1 P 0
L 200.6900228 40.90302208 201.7060228 40.90302208 1 P 0
L 200.6900228 43.69702208 200.6900228 44.71302208 1 P 0
L 200.6900228 43.69702208 201.7060228 43.69702208 1 P 0
L 200.6900228 44.71302208 201.7060228 44.71302208 1 P 0
L 200.89001986 17.48697036 200.89001986 18.50297036 1 P 0
L 200.89001986 17.48697036 201.90601986 17.48697036 1 P 0
L 200.89001986 18.50297036 201.90601986 18.50297036 1 P 0
L 200.89001986 21.29697036 200.89001986 22.31297036 1 P 0
L 200.89001986 21.29697036 201.90601986 21.29697036 1 P 0
L 200.89001986 22.31297036 201.90601986 22.31297036 1 P 0
L 200.89002494 51.18702234 200.89002494 52.20302234 1 P 0
L 200.89002494 51.18702234 201.90602494 51.18702234 1 P 0
L 200.89002494 52.20302234 201.90602494 52.20302234 1 P 0
L 200.89002494 54.99702234 200.89002494 56.01302234 1 P 0
L 200.89002494 54.99702234 201.90602494 54.99702234 1 P 0
L 200.89002494 56.01302234 201.90602494 56.01302234 1 P 0
L 200.99002474 6.28696482 200.99002474 7.30296482 1 P 0
L 200.99002474 6.28696482 202.00602474 6.28696482 1 P 0
L 200.99002474 7.30296482 202.00602474 7.30296482 1 P 0
L 200.99002474 10.09696482 200.99002474 11.11296482 1 P 0
L 200.99002474 10.09696482 202.00602474 10.09696482 1 P 0
L 200.99002474 11.11296482 202.00602474 11.11296482 1 P 0
L 201.4060234 28.48702202 201.4060234 29.50302202 1 P 0
L 201.4060234 32.29702202 201.4060234 33.31302202 1 P 0
L 201.7060228 39.88702208 201.7060228 40.90302208 1 P 0
L 201.7060228 43.69702208 201.7060228 44.71302208 1 P 0
L 201.90601986 17.48697036 201.90601986 18.50297036 1 P 0
L 201.90601986 21.29697036 201.90601986 22.31297036 1 P 0
L 201.90602494 51.18702234 201.90602494 52.20302234 1 P 0
L 201.90602494 54.99702234 201.90602494 56.01302234 1 P 0
L 202.00602474 6.28696482 202.00602474 7.30296482 1 P 0
L 202.00602474 10.09696482 202.00602474 11.11296482 1 P 0
