UNITS=MM
#Layer_Color=32768
#
#Feature symbol names
#
$0 r49.9999
$1 r99.9998

#
#Feature attribute names
#

#
#Layer features
#
L 8.80000018 34.90000132 8.80000018 40.50000028 0 P 0
L 8.80000018 34.90000132 16.59999982 34.90000132 0 P 0
L 8.80000018 40.50000028 16.59999982 40.50000028 0 P 0
L 12.200001 37.7000008 13.20000154 37.7000008 1 P 0
L 12.7 37.19999926 12.7 38.1999998 1 P 0
L 16.59999982 34.90000132 16.59999982 40.50000028 0 P 0
L 20.49999964 30.6000023 20.49999964 37.4000014 0 P 0
L 20.49999964 30.6000023 29.50000196 30.6000023 0 P 0
L 20.49999964 37.4000014 29.50000196 37.4000014 0 P 0
L 24.5000018 34.00000058 25.50000234 34.00000058 1 P 0
L 25.0000008 33.50000158 25.0000008 34.50000212 1 P 0
L 26.6499975 38.00000274 26.6499975 39.50000228 0 P 0
L 26.6499975 38.00000274 29.34999972 38.00000274 0 P 0
L 26.6499975 39.50000228 29.34999972 39.50000228 0 P 0
L 27.1499965 43.39999956 27.1499965 45.5999977 0 P 0
L 27.1499965 43.39999956 30.14999812 43.39999956 0 P 0
L 27.1499965 45.5999977 30.14999812 45.5999977 0 P 0
L 27.52499956 38.75000124 28.47499766 38.75000124 1 P 0
L 27.74999784 40.15000098 27.74999784 42.85000066 0 P 0
L 27.74999784 40.15000098 29.24999738 40.15000098 0 P 0
L 27.74999784 42.85000066 29.24999738 42.85000066 0 P 0
L 27.99999988 38.27500092 27.99999988 39.22500156 1 P 0
L 28.02499856 41.50000082 28.97499666 41.50000082 1 P 0
L 28.14999704 44.4999999 29.14999758 44.4999999 1 P 0
L 28.49999888 41.0250005 28.49999888 41.97500114 1 P 0
L 28.64999858 43.99999836 28.64999858 44.9999989 1 P 0
L 29.24999738 40.15000098 29.24999738 42.85000066 0 P 0
L 29.34999972 38.00000274 29.34999972 39.50000228 0 P 0
L 29.50000196 30.6000023 29.50000196 37.4000014 0 P 0
L 30.08700104 27.8378031 30.08700104 47.17360136 0 P 0
L 30.08700104 27.8378031 39.63100024 27.8378031 0 P 0
L 30.08700104 47.17360136 39.63100024 47.17360136 0 P 0
L 30.14999812 43.39999956 30.14999812 45.5999977 0 P 0
L 33.6090006 37.5000012 34.85900064 37.5000012 1 P 0
L 34.85900064 36.25000116 34.85900064 37.5000012 1 P 0
L 34.85900064 37.5000012 34.85900064 38.75000124 1 P 0
L 34.85900064 37.5000012 36.05900078 37.5000012 1 P 0
L 39.63100024 27.8378031 39.63100024 47.17360136 0 P 0
