UNITS=MM
#Layer_Color=9474304
#
#Feature symbol names
#
$0 r169.33164
$1 r127

#
#Feature attribute names
#

#
#Layer features
#
A 21.69600436 27.70399844 21.69600436 27.70399844 21.18800436 27.70399844 0 P 0 N
A 21.70800078 38.0000002 21.70800078 38.0000002 21.20000078 38.0000002 0 P 0 N
A 22.00800018 49.79999946 22.00800018 49.79999946 21.50000018 49.79999946 0 P 0 N
A 29.40799808 8.40000352 29.40799808 8.40000352 28.89999808 8.40000352 0 P 0 N
A 30.50800096 20.39999984 30.50800096 20.39999984 30.00000096 20.39999984 0 P 0 N
A 62.50800046 52.00000014 62.50800046 52.00000014 62.00000046 52.00000014 0 P 0 N
A 65.70800168 52.09999994 65.70800168 52.09999994 65.20000168 52.09999994 0 P 0 N
A 66.953003 48.71699934 66.953003 48.71699934 66.445003 48.71699934 0 P 0 N
A 70.3080001 12.89799554 70.3080001 12.89799554 69.8000001 12.89799554 0 P 0 N
A 71.30800064 35.90000186 71.30800064 35.90000186 70.80000064 35.90000186 0 P 0 N
A 72.10800158 14.09799568 72.10800158 14.09799568 71.60000158 14.09799568 0 P 0 N
A 73.80800072 26.40000054 73.80800072 26.40000054 73.30000072 26.40000054 0 P 0 N
A 74.10800012 12.39799654 74.10800012 12.39799654 73.60000012 12.39799654 0 P 0 N
A 105.26600232 40.1889976 105.26600232 40.1889976 104.75800232 40.1889976 0 P 0 N
A 105.40800102 50.03099722 105.40800102 50.03099722 104.90000102 50.03099722 0 P 0 N
A 105.46600192 33.0470002 105.46600192 33.0470002 104.95800192 33.0470002 0 P 0 N
A 105.76600386 7.9948405 105.76600386 7.9948405 105.25800386 7.9948405 0 P 0 N
A 105.76600386 19.99483936 105.76600386 19.99483936 105.25800386 19.99483936 0 P 0 N
A 107.0660038 41.38899774 107.0660038 41.38899774 106.5580038 41.38899774 0 P 0 N
A 107.2080025 51.23099736 107.2080025 51.23099736 106.7000025 51.23099736 0 P 0 N
A 107.2660034 34.24700034 107.2660034 34.24700034 106.7580034 34.24700034 0 P 0 N
A 107.56600534 9.19484064 107.56600534 9.19484064 107.05800534 9.19484064 0 P 0 N
A 107.56600534 21.1948395 107.56600534 21.1948395 107.05800534 21.1948395 0 P 0 N
A 109.06600234 39.6889986 109.06600234 39.6889986 108.55800234 39.6889986 0 P 0 N
A 109.20800104 49.53099822 109.20800104 49.53099822 108.70000104 49.53099822 0 P 0 N
A 109.26600194 32.5470012 109.26600194 32.5470012 108.75800194 32.5470012 0 P 0 N
A 109.56600388 7.4948415 109.56600388 7.4948415 109.05800388 7.4948415 0 P 0 N
A 109.56600388 19.49484036 109.56600388 19.49484036 109.05800388 19.49484036 0 P 0 N
A 146.7079997 19.7999985 146.7079997 19.7999985 146.1999997 19.7999985 0 P 0 N
A 146.7079997 29.79999882 146.7079997 29.79999882 146.1999997 29.79999882 0 P 0 N
A 146.7079997 49.79999946 146.7079997 49.79999946 146.1999997 49.79999946 0 P 0 N
A 148.50800118 20.99999864 148.50800118 20.99999864 148.00000118 20.99999864 0 P 0 N
A 148.50800118 30.99999896 148.50800118 30.99999896 148.00000118 30.99999896 0 P 0 N
A 148.50800118 50.9999996 148.50800118 50.9999996 148.00000118 50.9999996 0 P 0 N
A 150.50799972 19.2999995 150.50799972 19.2999995 149.99999972 19.2999995 0 P 0 N
A 150.50799972 29.29999982 150.50799972 29.29999982 149.99999972 29.29999982 0 P 0 N
A 150.50799972 49.30000046 150.50799972 49.30000046 149.99999972 49.30000046 0 P 0 N
A 155.05800332 11.60599914 155.05800332 11.60599914 154.55000332 11.60599914 0 P 0 N
A 155.23887672 9.83900242 155.23887672 9.83900242 154.73087672 9.83900242 0 P 0 N
A 156.70800002 40.89999948 156.70800002 40.89999948 156.20000002 40.89999948 0 P 0 N
A 157.20799902 44.6999995 157.20799902 44.6999995 156.69999902 44.6999995 0 P 0 N
A 158.40799916 42.89999802 158.40799916 42.89999802 157.89999916 42.89999802 0 P 0 N
L 10.9249972 9.18800296 10.9249972 10.20400296 1 P 0
L 10.9249972 9.18800296 11.9409972 9.18800296 1 P 0
L 10.9249972 10.20400296 11.9409972 10.20400296 1 P 0
L 10.9249972 12.99800296 10.9249972 14.01400296 1 P 0
L 10.9249972 12.99800296 11.9409972 12.99800296 1 P 0
L 10.9249972 14.01400296 11.9409972 14.01400296 1 P 0
L 11.1880015 19.2919985 11.1880015 20.3079985 1 P 0
L 11.1880015 19.2919985 12.2040015 19.2919985 1 P 0
L 11.1880015 20.3079985 12.2040015 20.3079985 1 P 0
L 11.1880015 23.1019985 11.1880015 24.1179985 1 P 0
L 11.1880015 23.1019985 12.2040015 23.1019985 1 P 0
L 11.1880015 24.1179985 12.2040015 24.1179985 1 P 0
L 11.31300252 29.39199862 11.31300252 30.40799862 1 P 0
L 11.31300252 29.39199862 12.32900252 29.39199862 1 P 0
L 11.31300252 30.40799862 12.32900252 30.40799862 1 P 0
L 11.31300252 33.20199862 11.31300252 34.21799862 1 P 0
L 11.31300252 33.20199862 12.32900252 33.20199862 1 P 0
L 11.31300252 34.21799862 12.32900252 34.21799862 1 P 0
L 11.32499894 39.68800038 11.32499894 40.70400038 1 P 0
L 11.32499894 39.68800038 12.34099894 39.68800038 1 P 0
L 11.32499894 40.70400038 12.34099894 40.70400038 1 P 0
L 11.32499894 43.49800038 11.32499894 44.51400038 1 P 0
L 11.32499894 43.49800038 12.34099894 43.49800038 1 P 0
L 11.32499894 44.51400038 12.34099894 44.51400038 1 P 0
L 11.52000236 49.63599928 11.52000236 50.65199928 1 P 0
L 11.52000236 49.63599928 12.53600236 49.63599928 1 P 0
L 11.52000236 50.65199928 12.53600236 50.65199928 1 P 0
L 11.52000236 53.44599928 11.52000236 54.46199928 1 P 0
L 11.52000236 53.44599928 12.53600236 53.44599928 1 P 0
L 11.52000236 54.46199928 12.53600236 54.46199928 1 P 0
L 11.9409972 9.18800296 11.9409972 10.20400296 1 P 0
L 11.9409972 12.99800296 11.9409972 14.01400296 1 P 0
L 12.2040015 19.2919985 12.2040015 20.3079985 1 P 0
L 12.2040015 23.1019985 12.2040015 24.1179985 1 P 0
L 12.32900252 29.39199862 12.32900252 30.40799862 1 P 0
L 12.32900252 33.20199862 12.32900252 34.21799862 1 P 0
L 12.34099894 39.68800038 12.34099894 40.70400038 1 P 0
L 12.34099894 43.49800038 12.34099894 44.51400038 1 P 0
L 12.53600236 49.63599928 12.53600236 50.65199928 1 P 0
L 12.53600236 53.44599928 12.53600236 54.46199928 1 P 0
L 33.74499728 8.98900412 33.74499728 10.00500412 1 P 0
L 33.74499728 8.98900412 34.76099728 8.98900412 1 P 0
L 33.74499728 10.00500412 34.76099728 10.00500412 1 P 0
L 33.74499728 12.79900412 33.74499728 13.81500412 1 P 0
L 33.74499728 12.79900412 34.76099728 12.79900412 1 P 0
L 33.74499728 13.81500412 34.76099728 13.81500412 1 P 0
L 34.00800158 19.09299966 34.00800158 20.10899966 1 P 0
L 34.00800158 19.09299966 35.02400158 19.09299966 1 P 0
L 34.00800158 20.10899966 35.02400158 20.10899966 1 P 0
L 34.00800158 22.90299966 34.00800158 23.91899966 1 P 0
L 34.00800158 22.90299966 35.02400158 22.90299966 1 P 0
L 34.00800158 23.91899966 35.02400158 23.91899966 1 P 0
L 34.1330026 29.19299978 34.1330026 30.20899978 1 P 0
L 34.1330026 29.19299978 35.1490026 29.19299978 1 P 0
L 34.1330026 30.20899978 35.1490026 30.20899978 1 P 0
L 34.1330026 33.00299978 34.1330026 34.01899978 1 P 0
L 34.1330026 33.00299978 35.1490026 33.00299978 1 P 0
L 34.1330026 34.01899978 35.1490026 34.01899978 1 P 0
L 34.14499902 39.48900154 34.14499902 40.50500154 1 P 0
L 34.14499902 39.48900154 35.16099902 39.48900154 1 P 0
L 34.14499902 40.50500154 35.16099902 40.50500154 1 P 0
L 34.14499902 43.29900154 34.14499902 44.31500154 1 P 0
L 34.14499902 43.29900154 35.16099902 43.29900154 1 P 0
L 34.14499902 44.31500154 35.16099902 44.31500154 1 P 0
L 34.34000244 49.43700044 34.34000244 50.45300044 1 P 0
L 34.34000244 49.43700044 35.35600244 49.43700044 1 P 0
L 34.34000244 50.45300044 35.35600244 50.45300044 1 P 0
L 34.34000244 53.24700044 34.34000244 54.26300044 1 P 0
L 34.34000244 53.24700044 35.35600244 53.24700044 1 P 0
L 34.34000244 54.26300044 35.35600244 54.26300044 1 P 0
L 34.76099728 8.98900412 34.76099728 10.00500412 1 P 0
L 34.76099728 12.79900412 34.76099728 13.81500412 1 P 0
L 35.02400158 19.09299966 35.02400158 20.10899966 1 P 0
L 35.02400158 22.90299966 35.02400158 23.91899966 1 P 0
L 35.1490026 29.19299978 35.1490026 30.20899978 1 P 0
L 35.1490026 33.00299978 35.1490026 34.01899978 1 P 0
L 35.16099902 39.48900154 35.16099902 40.50500154 1 P 0
L 35.16099902 43.29900154 35.16099902 44.31500154 1 P 0
L 35.35600244 49.43700044 35.35600244 50.45300044 1 P 0
L 35.35600244 53.24700044 35.35600244 54.26300044 1 P 0
L 53.47000228 40.1360005 53.47000228 41.1520005 1 P 0
L 53.47000228 40.1360005 54.48600228 40.1360005 1 P 0
L 53.47000228 41.1520005 54.48600228 41.1520005 1 P 0
L 53.47000228 43.9460005 53.47000228 44.9620005 1 P 0
L 53.47000228 43.9460005 54.48600228 43.9460005 1 P 0
L 53.47000228 44.9620005 54.48600228 44.9620005 1 P 0
L 53.52499836 8.18599836 53.52499836 9.20199836 1 P 0
L 53.52499836 8.18599836 54.54099836 8.18599836 1 P 0
L 53.52499836 9.20199836 54.54099836 9.20199836 1 P 0
L 53.52499836 11.99599836 53.52499836 13.01199836 1 P 0
L 53.52499836 11.99599836 54.54099836 11.99599836 1 P 0
L 53.52499836 13.01199836 54.54099836 13.01199836 1 P 0
L 53.52499836 18.93599718 53.52499836 19.95199718 1 P 0
L 53.52499836 18.93599718 54.54099836 18.93599718 1 P 0
L 53.52499836 19.95199718 54.54099836 19.95199718 1 P 0
L 53.52499836 22.74599718 53.52499836 23.76199718 1 P 0
L 53.52499836 22.74599718 54.54099836 22.74599718 1 P 0
L 53.52499836 23.76199718 54.54099836 23.76199718 1 P 0
L 53.52499836 29.93599804 53.52499836 30.95199804 1 P 0
L 53.52499836 29.93599804 54.54099836 29.93599804 1 P 0
L 53.52499836 30.95199804 54.54099836 30.95199804 1 P 0
L 53.52499836 33.74599804 53.52499836 34.76199804 1 P 0
L 53.52499836 33.74599804 54.54099836 33.74599804 1 P 0
L 53.52499836 34.76199804 54.54099836 34.76199804 1 P 0
L 53.72499796 51.06100024 53.72499796 52.07700024 1 P 0
L 53.72499796 51.06100024 54.74099796 51.06100024 1 P 0
L 53.72499796 52.07700024 54.74099796 52.07700024 1 P 0
L 53.72499796 54.87100024 53.72499796 55.88700024 1 P 0
L 53.72499796 54.87100024 54.74099796 54.87100024 1 P 0
L 53.72499796 55.88700024 54.74099796 55.88700024 1 P 0
L 54.48600228 40.1360005 54.48600228 41.1520005 1 P 0
L 54.48600228 43.9460005 54.48600228 44.9620005 1 P 0
L 54.54099836 8.18599836 54.54099836 9.20199836 1 P 0
L 54.54099836 11.99599836 54.54099836 13.01199836 1 P 0
L 54.54099836 18.93599718 54.54099836 19.95199718 1 P 0
L 54.54099836 22.74599718 54.54099836 23.76199718 1 P 0
L 54.54099836 29.93599804 54.54099836 30.95199804 1 P 0
L 54.54099836 33.74599804 54.54099836 34.76199804 1 P 0
L 54.74099796 51.06100024 54.74099796 52.07700024 1 P 0
L 54.74099796 54.87100024 54.74099796 55.88700024 1 P 0
L 76.29000236 39.93700166 76.29000236 40.95300166 1 P 0
L 76.29000236 39.93700166 77.30600236 39.93700166 1 P 0
L 76.29000236 40.95300166 77.30600236 40.95300166 1 P 0
L 76.29000236 43.74700166 76.29000236 44.76300166 1 P 0
L 76.29000236 43.74700166 77.30600236 43.74700166 1 P 0
L 76.29000236 44.76300166 77.30600236 44.76300166 1 P 0
L 76.34499844 7.98699952 76.34499844 9.00299952 1 P 0
L 76.34499844 7.98699952 77.36099844 7.98699952 1 P 0
L 76.34499844 9.00299952 77.36099844 9.00299952 1 P 0
L 76.34499844 11.79699952 76.34499844 12.81299952 1 P 0
L 76.34499844 11.79699952 77.36099844 11.79699952 1 P 0
L 76.34499844 12.81299952 77.36099844 12.81299952 1 P 0
L 76.34499844 18.73699834 76.34499844 19.75299834 1 P 0
L 76.34499844 18.73699834 77.36099844 18.73699834 1 P 0
L 76.34499844 19.75299834 77.36099844 19.75299834 1 P 0
L 76.34499844 22.54699834 76.34499844 23.56299834 1 P 0
L 76.34499844 22.54699834 77.36099844 22.54699834 1 P 0
L 76.34499844 23.56299834 77.36099844 23.56299834 1 P 0
L 76.34499844 29.7369992 76.34499844 30.7529992 1 P 0
L 76.34499844 29.7369992 77.36099844 29.7369992 1 P 0
L 76.34499844 30.7529992 77.36099844 30.7529992 1 P 0
L 76.34499844 33.5469992 76.34499844 34.5629992 1 P 0
L 76.34499844 33.5469992 77.36099844 33.5469992 1 P 0
L 76.34499844 34.5629992 77.36099844 34.5629992 1 P 0
L 76.54499804 50.8620014 76.54499804 51.8780014 1 P 0
L 76.54499804 50.8620014 77.56099804 50.8620014 1 P 0
L 76.54499804 51.8780014 77.56099804 51.8780014 1 P 0
L 76.54499804 54.6720014 76.54499804 55.6880014 1 P 0
L 76.54499804 54.6720014 77.56099804 54.6720014 1 P 0
L 76.54499804 55.6880014 77.56099804 55.6880014 1 P 0
L 77.30600236 39.93700166 77.30600236 40.95300166 1 P 0
L 77.30600236 43.74700166 77.30600236 44.76300166 1 P 0
L 77.36099844 7.98699952 77.36099844 9.00299952 1 P 0
L 77.36099844 11.79699952 77.36099844 12.81299952 1 P 0
L 77.36099844 18.73699834 77.36099844 19.75299834 1 P 0
L 77.36099844 22.54699834 77.36099844 23.56299834 1 P 0
L 77.36099844 29.7369992 77.36099844 30.7529992 1 P 0
L 77.36099844 33.5469992 77.36099844 34.5629992 1 P 0
L 77.56099804 50.8620014 77.56099804 51.8780014 1 P 0
L 77.56099804 54.6720014 77.56099804 55.6880014 1 P 0
L 96.22499678 30.0190027 96.22499678 31.0350027 1 P 0
L 96.22499678 30.0190027 97.24099678 30.0190027 1 P 0
L 96.22499678 31.0350027 97.24099678 31.0350027 1 P 0
L 96.22499678 33.8290027 96.22499678 34.8450027 1 P 0
L 96.22499678 33.8290027 97.24099678 33.8290027 1 P 0
L 96.22499678 34.8450027 97.24099678 34.8450027 1 P 0
L 96.22499678 39.56100038 96.22499678 40.57700038 1 P 0
L 96.22499678 39.56100038 97.24099678 39.56100038 1 P 0
L 96.22499678 40.57700038 97.24099678 40.57700038 1 P 0
L 96.22499678 43.37100038 96.22499678 44.38700038 1 P 0
L 96.22499678 43.37100038 97.24099678 43.37100038 1 P 0
L 96.22499678 44.38700038 97.24099678 44.38700038 1 P 0
L 96.36699548 49.403 96.36699548 50.419 1 P 0
L 96.36699548 49.403 97.38299548 49.403 1 P 0
L 96.36699548 50.419 97.38299548 50.419 1 P 0
L 96.36699548 53.213 96.36699548 54.229 1 P 0
L 96.36699548 53.213 97.38299548 53.213 1 P 0
L 96.36699548 54.229 97.38299548 54.229 1 P 0
L 96.72499832 7.36684328 96.72499832 8.38284328 1 P 0
L 96.72499832 7.36684328 97.74099832 7.36684328 1 P 0
L 96.72499832 8.38284328 97.74099832 8.38284328 1 P 0
L 96.72499832 11.17684328 96.72499832 12.19284328 1 P 0
L 96.72499832 11.17684328 97.74099832 11.17684328 1 P 0
L 96.72499832 12.19284328 97.74099832 12.19284328 1 P 0
L 96.72499832 19.36684214 96.72499832 20.38284214 1 P 0
L 96.72499832 19.36684214 97.74099832 19.36684214 1 P 0
L 96.72499832 20.38284214 97.74099832 20.38284214 1 P 0
L 96.72499832 23.17684214 96.72499832 24.19284214 1 P 0
L 96.72499832 23.17684214 97.74099832 23.17684214 1 P 0
L 96.72499832 24.19284214 97.74099832 24.19284214 1 P 0
L 97.24099678 30.0190027 97.24099678 31.0350027 1 P 0
L 97.24099678 33.8290027 97.24099678 34.8450027 1 P 0
L 97.24099678 39.56100038 97.24099678 40.57700038 1 P 0
L 97.24099678 43.37100038 97.24099678 44.38700038 1 P 0
L 97.38299548 49.403 97.38299548 50.419 1 P 0
L 97.38299548 53.213 97.38299548 54.229 1 P 0
L 97.74099832 7.36684328 97.74099832 8.38284328 1 P 0
L 97.74099832 11.17684328 97.74099832 12.19284328 1 P 0
L 97.74099832 19.36684214 97.74099832 20.38284214 1 P 0
L 97.74099832 23.17684214 97.74099832 24.19284214 1 P 0
L 119.04499686 29.82000386 119.04499686 30.83600386 1 P 0
L 119.04499686 29.82000386 120.06099686 29.82000386 1 P 0
L 119.04499686 30.83600386 120.06099686 30.83600386 1 P 0
L 119.04499686 33.63000386 119.04499686 34.64600386 1 P 0
L 119.04499686 33.63000386 120.06099686 33.63000386 1 P 0
L 119.04499686 34.64600386 120.06099686 34.64600386 1 P 0
L 119.04499686 39.36200154 119.04499686 40.37800154 1 P 0
L 119.04499686 39.36200154 120.06099686 39.36200154 1 P 0
L 119.04499686 40.37800154 120.06099686 40.37800154 1 P 0
L 119.04499686 43.17200154 119.04499686 44.18800154 1 P 0
L 119.04499686 43.17200154 120.06099686 43.17200154 1 P 0
L 119.04499686 44.18800154 120.06099686 44.18800154 1 P 0
L 119.18699556 49.20400116 119.18699556 50.22000116 1 P 0
L 119.18699556 49.20400116 120.20299556 49.20400116 1 P 0
L 119.18699556 50.22000116 120.20299556 50.22000116 1 P 0
L 119.18699556 53.01400116 119.18699556 54.03000116 1 P 0
L 119.18699556 53.01400116 120.20299556 53.01400116 1 P 0
L 119.18699556 54.03000116 120.20299556 54.03000116 1 P 0
L 119.5449984 7.16784444 119.5449984 8.18384444 1 P 0
L 119.5449984 7.16784444 120.5609984 7.16784444 1 P 0
L 119.5449984 8.18384444 120.5609984 8.18384444 1 P 0
L 119.5449984 10.97784444 119.5449984 11.99384444 1 P 0
L 119.5449984 10.97784444 120.5609984 10.97784444 1 P 0
L 119.5449984 11.99384444 120.5609984 11.99384444 1 P 0
L 119.5449984 19.1678433 119.5449984 20.1838433 1 P 0
L 119.5449984 19.1678433 120.5609984 19.1678433 1 P 0
L 119.5449984 20.1838433 120.5609984 20.1838433 1 P 0
L 119.5449984 22.9778433 119.5449984 23.9938433 1 P 0
L 119.5449984 22.9778433 120.5609984 22.9778433 1 P 0
L 119.5449984 23.9938433 120.5609984 23.9938433 1 P 0
L 120.06099686 29.82000386 120.06099686 30.83600386 1 P 0
L 120.06099686 33.63000386 120.06099686 34.64600386 1 P 0
L 120.06099686 39.36200154 120.06099686 40.37800154 1 P 0
L 120.06099686 43.17200154 120.06099686 44.18800154 1 P 0
L 120.20299556 49.20400116 120.20299556 50.22000116 1 P 0
L 120.20299556 53.01400116 120.20299556 54.03000116 1 P 0
L 120.5609984 7.16784444 120.5609984 8.18384444 1 P 0
L 120.5609984 10.97784444 120.5609984 11.99384444 1 P 0
L 120.5609984 19.1678433 120.5609984 20.1838433 1 P 0
L 120.5609984 22.9778433 120.5609984 23.9938433 1 P 0
L 137.46699456 7.37200202 137.46699456 8.38800202 1 P 0
L 137.46699456 7.37200202 138.48299456 7.37200202 1 P 0
L 137.46699456 8.38800202 138.48299456 8.38800202 1 P 0
L 137.46699456 11.18200202 137.46699456 12.19800202 1 P 0
L 137.46699456 11.18200202 138.48299456 11.18200202 1 P 0
L 137.46699456 12.19800202 138.48299456 12.19800202 1 P 0
L 137.66699416 19.17200128 137.66699416 20.18800128 1 P 0
L 137.66699416 19.17200128 138.68299416 19.17200128 1 P 0
L 137.66699416 20.18800128 138.68299416 20.18800128 1 P 0
L 137.66699416 22.98200128 137.66699416 23.99800128 1 P 0
L 137.66699416 22.98200128 138.68299416 22.98200128 1 P 0
L 137.66699416 23.99800128 138.68299416 23.99800128 1 P 0
L 137.66699416 29.1720016 137.66699416 30.1880016 1 P 0
L 137.66699416 29.1720016 138.68299416 29.1720016 1 P 0
L 137.66699416 30.1880016 138.68299416 30.1880016 1 P 0
L 137.66699416 32.9820016 137.66699416 33.9980016 1 P 0
L 137.66699416 32.9820016 138.68299416 32.9820016 1 P 0
L 137.66699416 33.9980016 138.68299416 33.9980016 1 P 0
L 137.66699416 39.17200192 137.66699416 40.18800192 1 P 0
L 137.66699416 39.17200192 138.68299416 39.17200192 1 P 0
L 137.66699416 40.18800192 138.68299416 40.18800192 1 P 0
L 137.66699416 42.98200192 137.66699416 43.99800192 1 P 0
L 137.66699416 42.98200192 138.68299416 42.98200192 1 P 0
L 137.66699416 43.99800192 138.68299416 43.99800192 1 P 0
L 137.66699416 49.17200224 137.66699416 50.18800224 1 P 0
L 137.66699416 49.17200224 138.68299416 49.17200224 1 P 0
L 137.66699416 50.18800224 138.68299416 50.18800224 1 P 0
L 137.66699416 52.98200224 137.66699416 53.99800224 1 P 0
L 137.66699416 52.98200224 138.68299416 52.98200224 1 P 0
L 137.66699416 53.99800224 138.68299416 53.99800224 1 P 0
L 138.48299456 7.37200202 138.48299456 8.38800202 1 P 0
L 138.48299456 11.18200202 138.48299456 12.19800202 1 P 0
L 138.68299416 19.17200128 138.68299416 20.18800128 1 P 0
L 138.68299416 22.98200128 138.68299416 23.99800128 1 P 0
L 138.68299416 29.1720016 138.68299416 30.1880016 1 P 0
L 138.68299416 32.9820016 138.68299416 33.9980016 1 P 0
L 138.68299416 39.17200192 138.68299416 40.18800192 1 P 0
L 138.68299416 42.98200192 138.68299416 43.99800192 1 P 0
L 138.68299416 49.17200224 138.68299416 50.18800224 1 P 0
L 138.68299416 52.98200224 138.68299416 53.99800224 1 P 0
L 160.28699464 7.17300318 160.28699464 8.18900318 1 P 0
L 160.28699464 7.17300318 161.30299464 7.17300318 1 P 0
L 160.28699464 8.18900318 161.30299464 8.18900318 1 P 0
L 160.28699464 10.98300318 160.28699464 11.99900318 1 P 0
L 160.28699464 10.98300318 161.30299464 10.98300318 1 P 0
L 160.28699464 11.99900318 161.30299464 11.99900318 1 P 0
L 160.48699424 18.97300244 160.48699424 19.98900244 1 P 0
L 160.48699424 18.97300244 161.50299424 18.97300244 1 P 0
L 160.48699424 19.98900244 161.50299424 19.98900244 1 P 0
L 160.48699424 22.78300244 160.48699424 23.79900244 1 P 0
L 160.48699424 22.78300244 161.50299424 22.78300244 1 P 0
L 160.48699424 23.79900244 161.50299424 23.79900244 1 P 0
L 160.48699424 28.97300276 160.48699424 29.98900276 1 P 0
L 160.48699424 28.97300276 161.50299424 28.97300276 1 P 0
L 160.48699424 29.98900276 161.50299424 29.98900276 1 P 0
L 160.48699424 32.78300276 160.48699424 33.79900276 1 P 0
L 160.48699424 32.78300276 161.50299424 32.78300276 1 P 0
L 160.48699424 33.79900276 161.50299424 33.79900276 1 P 0
L 160.48699424 38.97300308 160.48699424 39.98900308 1 P 0
L 160.48699424 38.97300308 161.50299424 38.97300308 1 P 0
L 160.48699424 39.98900308 161.50299424 39.98900308 1 P 0
L 160.48699424 42.78300308 160.48699424 43.79900308 1 P 0
L 160.48699424 42.78300308 161.50299424 42.78300308 1 P 0
L 160.48699424 43.79900308 161.50299424 43.79900308 1 P 0
L 160.48699424 48.9730034 160.48699424 49.9890034 1 P 0
L 160.48699424 48.9730034 161.50299424 48.9730034 1 P 0
L 160.48699424 49.9890034 161.50299424 49.9890034 1 P 0
L 160.48699424 52.7830034 160.48699424 53.7990034 1 P 0
L 160.48699424 52.7830034 161.50299424 52.7830034 1 P 0
L 160.48699424 53.7990034 161.50299424 53.7990034 1 P 0
L 161.30299464 7.17300318 161.30299464 8.18900318 1 P 0
L 161.30299464 10.98300318 161.30299464 11.99900318 1 P 0
L 161.50299424 18.97300244 161.50299424 19.98900244 1 P 0
L 161.50299424 22.78300244 161.50299424 23.79900244 1 P 0
L 161.50299424 28.97300276 161.50299424 29.98900276 1 P 0
L 161.50299424 32.78300276 161.50299424 33.79900276 1 P 0
L 161.50299424 38.97300308 161.50299424 39.98900308 1 P 0
L 161.50299424 42.78300308 161.50299424 43.79900308 1 P 0
L 161.50299424 48.9730034 161.50299424 49.9890034 1 P 0
L 161.50299424 52.7830034 161.50299424 53.7990034 1 P 0
