UNITS=MM
#Layer_Color=16711935
#
#Feature symbol names
#
$0 r99.9998

#
#Feature attribute names
#

#
#Layer features
#
L 18.14300156 31.7609982 18.14300156 32.75099876 0 P 0
L 18.14300156 31.7609982 19.7930008 31.7609982 0 P 0
L 18.14300156 32.75099876 19.7930008 32.75099876 0 P 0
L 18.15499798 42.05699996 18.15499798 43.04700052 0 P 0
L 18.15499798 42.05699996 19.80499722 42.05699996 0 P 0
L 18.15499798 43.04700052 19.80499722 43.04700052 0 P 0
L 18.3500014 52.00499886 18.3500014 52.99499942 0 P 0
L 18.3500014 52.00499886 20.00000064 52.00499886 0 P 0
L 18.3500014 52.99499942 20.00000064 52.99499942 0 P 0
L 19.7930008 31.7609982 19.7930008 32.75099876 0 P 0
L 19.80499722 42.05699996 19.80499722 43.04700052 0 P 0
L 20.00000064 52.00499886 20.00000064 52.99499942 0 P 0
L 20.8180051 30.83100006 20.8180051 32.5809991 0 P 0
L 20.8180051 30.83100006 21.7680032 30.83100006 0 P 0
L 20.8180051 32.5809991 21.7680032 32.5809991 0 P 0
L 20.83000152 41.12700182 20.83000152 42.87700086 0 P 0
L 20.83000152 41.12700182 21.77999962 41.12700182 0 P 0
L 20.83000152 42.87700086 21.77999962 42.87700086 0 P 0
L 21.02500494 51.07500072 21.02500494 52.82499976 0 P 0
L 21.02500494 51.07500072 21.97500304 51.07500072 0 P 0
L 21.02500494 52.82499976 21.97500304 52.82499976 0 P 0
L 21.7680032 30.83100006 21.7680032 32.5809991 0 P 0
L 21.77999962 41.12700182 21.77999962 42.87700086 0 P 0
L 21.97500304 51.07500072 21.97500304 52.82499976 0 P 0
L 22.1750001 21.7049985 22.1750001 22.69499906 0 P 0
L 22.1750001 21.7049985 23.82499934 21.7049985 0 P 0
L 22.1750001 22.69499906 23.82499934 22.69499906 0 P 0
L 23.07500084 12.50499912 23.07500084 13.49499968 0 P 0
L 23.07500084 12.50499912 24.72500008 12.50499912 0 P 0
L 23.07500084 13.49499968 24.72500008 13.49499968 0 P 0
L 23.82499934 21.7049985 23.82499934 22.69499906 0 P 0
L 24.72500008 12.50499912 24.72500008 13.49499968 0 P 0
L 28.52999882 11.52700514 28.52999882 13.27700418 0 P 0
L 28.52999882 11.52700514 29.47999692 11.52700514 0 P 0
L 28.52999882 13.27700418 29.47999692 13.27700418 0 P 0
L 29.47999692 11.52700514 29.47999692 13.27700418 0 P 0
L 31.52500172 21.725001 31.52500172 23.47500004 0 P 0
L 31.52500172 21.725001 32.47499982 21.725001 0 P 0
L 31.52500172 23.47500004 32.47499982 23.47500004 0 P 0
L 32.47499982 21.725001 32.47499982 23.47500004 0 P 0
