UNITS=MM
#Layer_Color=16711935
#
#Feature symbol names
#
$0 r99.9998

#
#Feature attribute names
#

#
#Layer features
#
L 14.02500116 18.42499998 14.02500116 20.17499902 0 P 0
L 14.02500116 18.42499998 14.97499926 18.42499998 0 P 0
L 14.02500116 20.17499902 14.97499926 20.17499902 0 P 0
L 14.7250023 27.90000008 14.7250023 29.64999912 0 P 0
L 14.7250023 27.90000008 15.6750004 27.90000008 0 P 0
L 14.7250023 29.64999912 15.6750004 29.64999912 0 P 0
L 14.97499926 18.42499998 14.97499926 20.17499902 0 P 0
L 15.6750004 27.90000008 15.6750004 29.64999912 0 P 0
L 16.22499676 21.62499866 16.22499676 22.5749993 0 P 0
L 16.22499676 21.62499866 17.97499834 21.62499866 0 P 0
L 16.22499676 22.5749993 17.97499834 22.5749993 0 P 0
L 16.22500184 41.10000162 16.22500184 42.85000066 0 P 0
L 16.22500184 41.10000162 17.17499994 41.10000162 0 P 0
L 16.22500184 42.85000066 17.17499994 42.85000066 0 P 0
L 16.32500164 51.02500082 16.32500164 52.77499986 0 P 0
L 16.32500164 51.02500082 17.27499974 51.02500082 0 P 0
L 16.32500164 52.77499986 17.27499974 52.77499986 0 P 0
L 17.17499994 41.10000162 17.17499994 42.85000066 0 P 0
L 17.27499974 51.02500082 17.27499974 52.77499986 0 P 0
L 17.32500218 10.32500094 17.32500218 12.07499998 0 P 0
L 17.32500218 10.32500094 18.27500028 10.32500094 0 P 0
L 17.32500218 12.07499998 18.27500028 12.07499998 0 P 0
L 17.86800084 31.78099816 17.86800084 32.7309988 0 P 0
L 17.86800084 31.78099816 19.61800242 31.78099816 0 P 0
L 17.86800084 32.7309988 19.61800242 32.7309988 0 P 0
L 17.97499834 21.62499866 17.97499834 22.5749993 0 P 0
L 18.07500068 52.02499882 18.07500068 52.97499946 0 P 0
L 18.07500068 52.02499882 19.82500226 52.02499882 0 P 0
L 18.07500068 52.97499946 19.82500226 52.97499946 0 P 0
L 18.12499804 42.12500084 18.12499804 43.07500148 0 P 0
L 18.12499804 42.12500084 19.87499962 42.12500084 0 P 0
L 18.12499804 43.07500148 19.87499962 43.07500148 0 P 0
L 18.27500028 10.32500094 18.27500028 12.07499998 0 P 0
L 19.61800242 31.78099816 19.61800242 32.7309988 0 P 0
L 19.82500226 52.02499882 19.82500226 52.97499946 0 P 0
L 19.87499962 42.12500084 19.87499962 43.07500148 0 P 0
L 20.8180051 30.83100006 20.8180051 32.5809991 0 P 0
L 20.8180051 30.83100006 21.7680032 30.83100006 0 P 0
L 20.8180051 32.5809991 21.7680032 32.5809991 0 P 0
L 20.83000152 41.12700182 20.83000152 42.87700086 0 P 0
L 20.83000152 41.12700182 21.77999962 41.12700182 0 P 0
L 20.83000152 42.87700086 21.77999962 42.87700086 0 P 0
L 21.02500494 51.07500072 21.02500494 52.82499976 0 P 0
L 21.02500494 51.07500072 21.97500304 51.07500072 0 P 0
L 21.02500494 52.82499976 21.97500304 52.82499976 0 P 0
L 21.7680032 30.83100006 21.7680032 32.5809991 0 P 0
L 21.77999962 41.12700182 21.77999962 42.87700086 0 P 0
L 21.97500304 51.07500072 21.97500304 52.82499976 0 P 0
L 22.724999 12.52499908 22.724999 13.47499972 0 P 0
L 22.724999 12.52499908 24.47500058 12.52499908 0 P 0
L 22.724999 13.47499972 24.47500058 13.47499972 0 P 0
L 24.47500058 12.52499908 24.47500058 13.47499972 0 P 0
L 28.52999882 11.52700514 28.52999882 13.27700418 0 P 0
L 28.52999882 11.52700514 29.47999692 11.52700514 0 P 0
L 28.52999882 13.27700418 29.47999692 13.27700418 0 P 0
L 29.47999692 11.52700514 29.47999692 13.27700418 0 P 0
L 31.52500172 21.725001 31.52500172 23.47500004 0 P 0
L 31.52500172 21.725001 32.47499982 21.725001 0 P 0
L 31.52500172 23.47500004 32.47499982 23.47500004 0 P 0
L 32.47499982 21.725001 32.47499982 23.47500004 0 P 0
L 58.32500146 41.5249995 58.32500146 43.27499854 0 P 0
L 58.32500146 41.5249995 59.27499956 41.5249995 0 P 0
L 58.32500146 43.27499854 59.27499956 43.27499854 0 P 0
L 58.42499872 22.02499786 58.42499872 23.77499944 0 P 0
L 58.42499872 22.02499786 59.37499936 22.02499786 0 P 0
L 58.42499872 23.77499944 59.37499936 23.77499944 0 P 0
L 58.52500106 18.72499938 58.52500106 20.47499842 0 P 0
L 58.52500106 18.72499938 59.47499916 18.72499938 0 P 0
L 58.52500106 20.47499842 59.47499916 20.47499842 0 P 0
L 58.52500106 52.39999934 58.52500106 54.14999838 0 P 0
L 58.52500106 52.39999934 59.47499916 52.39999934 0 P 0
L 58.52500106 54.14999838 59.47499916 54.14999838 0 P 0
L 58.62500086 11.27499904 58.62500086 13.02500062 0 P 0
L 58.62500086 11.27499904 59.5750015 11.27499904 0 P 0
L 58.62500086 13.02500062 59.5750015 13.02500062 0 P 0
L 58.72500066 33.12499852 58.72500066 34.8750001 0 P 0
L 58.72500066 33.12499852 59.6750013 33.12499852 0 P 0
L 58.72500066 34.8750001 59.6750013 34.8750001 0 P 0
L 59.27499956 41.5249995 59.27499956 43.27499854 0 P 0
L 59.37499936 22.02499786 59.37499936 23.77499944 0 P 0
L 59.47499916 18.72499938 59.47499916 20.47499842 0 P 0
L 59.47499916 52.39999934 59.47499916 54.14999838 0 P 0
L 59.5750015 11.27499904 59.5750015 13.02500062 0 P 0
L 59.6750013 33.12499852 59.6750013 34.8750001 0 P 0
L 60.12499786 42.52500004 60.12499786 43.47500068 0 P 0
L 60.12499786 42.52500004 61.87499944 42.52500004 0 P 0
L 60.12499786 43.47500068 61.87499944 43.47500068 0 P 0
L 60.42499726 53.5250009 60.42499726 54.47500154 0 P 0
L 60.42499726 53.5250009 62.17499884 53.5250009 0 P 0
L 60.42499726 54.47500154 62.17499884 54.47500154 0 P 0
L 61.87499944 42.52500004 61.87499944 43.47500068 0 P 0
L 62.17499884 53.5250009 62.17499884 54.47500154 0 P 0
L 62.62500302 31.22499978 62.62500302 32.97499882 0 P 0
L 62.62500302 31.22499978 63.57500112 31.22499978 0 P 0
L 62.62500302 32.97499882 63.57500112 32.97499882 0 P 0
L 62.9700036 42.74199986 62.9700036 44.4919989 0 P 0
L 62.9700036 42.74199986 63.9200017 42.74199986 0 P 0
L 62.9700036 44.4919989 63.9200017 44.4919989 0 P 0
L 63.02499968 10.79199772 63.02499968 12.54199676 0 P 0
L 63.02499968 10.79199772 63.97499778 10.79199772 0 P 0
L 63.02499968 12.54199676 63.97499778 12.54199676 0 P 0
L 63.02499968 21.54199654 63.02499968 23.29199558 0 P 0
L 63.02499968 21.54199654 63.97499778 21.54199654 0 P 0
L 63.02499968 23.29199558 63.97499778 23.29199558 0 P 0
L 63.02500222 4.32500024 63.02500222 6.07499928 0 P 0
L 63.02500222 4.32500024 63.97500032 4.32500024 0 P 0
L 63.02500222 6.07499928 63.97500032 6.07499928 0 P 0
L 63.23000054 52.50000168 63.23000054 54.25000072 0 P 0
L 63.23000054 52.50000168 64.17999864 52.50000168 0 P 0
L 63.23000054 54.25000072 64.17999864 54.25000072 0 P 0
L 63.57500112 31.22499978 63.57500112 32.97499882 0 P 0
L 63.9200017 42.74199986 63.9200017 44.4919989 0 P 0
L 63.97499778 10.79199772 63.97499778 12.54199676 0 P 0
L 63.97499778 21.54199654 63.97499778 23.29199558 0 P 0
L 63.97500032 4.32500024 63.97500032 6.07499928 0 P 0
L 64.17999864 52.50000168 64.17999864 54.25000072 0 P 0
L 70.22500052 32.82500166 70.22500052 34.5750007 0 P 0
L 70.22500052 32.82500166 71.17499862 32.82500166 0 P 0
L 70.22500052 34.5750007 71.17499862 34.5750007 0 P 0
L 71.17499862 32.82500166 71.17499862 34.5750007 0 P 0
L 99.32500074 55.42499964 99.32500074 57.17499868 0 P 0
L 99.32500074 55.42499964 100.27499884 55.42499964 0 P 0
L 99.32500074 57.17499868 100.27499884 57.17499868 0 P 0
L 99.42500054 38.02499888 99.42500054 38.97499698 0 P 0
L 99.42500054 38.02499888 101.17499958 38.02499888 0 P 0
L 99.42500054 38.97499698 101.17499958 38.97499698 0 P 0
L 100.12499914 28.62499736 100.12499914 30.37499894 0 P 0
L 100.12499914 28.62499736 101.07499978 28.62499736 0 P 0
L 100.12499914 30.37499894 101.07499978 30.37499894 0 P 0
L 100.22499894 5.92499704 100.22499894 7.67499862 0 P 0
L 100.22499894 5.92499704 101.17499958 5.92499704 0 P 0
L 100.22499894 7.67499862 101.17499958 7.67499862 0 P 0
L 100.22499894 17.92499844 100.22499894 19.67500002 0 P 0
L 100.22499894 17.92499844 101.17499958 17.92499844 0 P 0
L 100.22499894 19.67500002 101.17499958 19.67500002 0 P 0
L 100.27499884 55.42499964 100.27499884 57.17499868 0 P 0
L 101.07499978 28.62499736 101.07499978 30.37499894 0 P 0
L 101.12499968 42.6249973 101.12499968 44.37499888 0 P 0
L 101.12499968 42.6249973 102.07500032 42.6249973 0 P 0
L 101.12499968 44.37499888 102.07500032 44.37499888 0 P 0
L 101.12499968 52.52499782 101.12499968 54.2749994 0 P 0
L 101.12499968 52.52499782 102.07500032 52.52499782 0 P 0
L 101.12499968 54.2749994 102.07500032 54.2749994 0 P 0
L 101.17499958 5.92499704 101.17499958 7.67499862 0 P 0
L 101.17499958 17.92499844 101.17499958 19.67500002 0 P 0
L 101.17499958 38.02499888 101.17499958 38.97499698 0 P 0
L 101.88724098 10.01009174 101.88724098 11.76009078 0 P 0
L 101.88724098 10.01009174 102.83723908 10.01009174 0 P 0
L 101.88724098 11.76009078 102.83723908 11.76009078 0 P 0
L 102.07500032 42.6249973 102.07500032 44.37499888 0 P 0
L 102.07500032 52.52499782 102.07500032 54.2749994 0 P 0
L 102.83723908 10.01009174 102.83723908 11.76009078 0 P 0
L 106.18300074 38.08299978 106.18300074 39.83299882 0 P 0
L 106.18300074 38.08299978 107.13299884 38.08299978 0 P 0
L 106.18300074 39.83299882 107.13299884 39.83299882 0 P 0
L 106.32499944 47.9249994 106.32499944 49.67499844 0 P 0
L 106.32499944 47.9249994 107.27499754 47.9249994 0 P 0
L 106.32499944 49.67499844 107.27499754 49.67499844 0 P 0
L 106.35000066 28.0250011 106.35000066 28.9749992 0 P 0
L 106.35000066 28.0250011 108.0999997 28.0250011 0 P 0
L 106.35000066 28.9749992 108.0999997 28.9749992 0 P 0
L 106.38300034 30.94100238 106.38300034 32.69100142 0 P 0
L 106.38300034 30.94100238 107.33299844 30.94100238 0 P 0
L 106.38300034 32.69100142 107.33299844 32.69100142 0 P 0
L 106.68300228 5.88884268 106.68300228 7.63884172 0 P 0
L 106.68300228 5.88884268 107.63300038 5.88884268 0 P 0
L 106.68300228 7.63884172 107.63300038 7.63884172 0 P 0
L 106.68300228 17.88884154 106.68300228 19.63884058 0 P 0
L 106.68300228 17.88884154 107.63300038 17.88884154 0 P 0
L 106.68300228 19.63884058 107.63300038 19.63884058 0 P 0
L 107.13299884 38.08299978 107.13299884 39.83299882 0 P 0
L 107.27499754 47.9249994 107.27499754 49.67499844 0 P 0
L 107.33299844 30.94100238 107.33299844 32.69100142 0 P 0
L 107.63300038 5.88884268 107.63300038 7.63884172 0 P 0
L 107.63300038 17.88884154 107.63300038 19.63884058 0 P 0
L 108.0999997 28.0250011 108.0999997 28.9749992 0 P 0
L 114.82500022 17.62500158 114.82500022 18.57499968 0 P 0
L 114.82500022 17.62500158 116.57499926 17.62500158 0 P 0
L 114.82500022 18.57499968 116.57499926 18.57499968 0 P 0
L 116.57499926 17.62500158 116.57499926 18.57499968 0 P 0
L 141.12499842 27.62499936 141.12499842 29.37500094 0 P 0
L 141.12499842 27.62499936 142.07499906 27.62499936 0 P 0
L 141.12499842 29.37500094 142.07499906 29.37500094 0 P 0
L 141.22500076 32.12500306 141.22500076 33.07500116 0 P 0
L 141.22500076 32.12500306 142.9749998 32.12500306 0 P 0
L 141.22500076 33.07500116 142.9749998 33.07500116 0 P 0
L 141.22500076 37.62499714 141.22500076 39.37499872 0 P 0
L 141.22500076 37.62499714 142.1750014 37.62499714 0 P 0
L 141.22500076 39.37499872 142.1750014 39.37499872 0 P 0
L 141.75000098 46.625002 141.75000098 47.5750001 0 P 0
L 141.75000098 46.625002 143.50000002 46.625002 0 P 0
L 141.75000098 47.5750001 143.50000002 47.5750001 0 P 0
L 141.82499702 52.62500016 141.82499702 53.5750008 0 P 0
L 141.82499702 52.62500016 143.5749986 52.62500016 0 P 0
L 141.82499702 53.5750008 143.5749986 53.5750008 0 P 0
L 142.07499906 27.62499936 142.07499906 29.37500094 0 P 0
L 142.1750014 37.62499714 142.1750014 39.37499872 0 P 0
L 142.9749998 32.12500306 142.9749998 33.07500116 0 P 0
L 143.50000002 46.625002 143.50000002 47.5750001 0 P 0
L 143.5749986 52.62500016 143.5749986 53.5750008 0 P 0
L 144.72500138 37.92500162 144.72500138 38.87499972 0 P 0
L 144.72500138 37.92500162 146.47500042 37.92500162 0 P 0
L 144.72500138 38.87499972 146.47500042 38.87499972 0 P 0
L 145.72499938 16.3249991 145.72499938 18.07500068 0 P 0
L 145.72499938 16.3249991 146.67500002 16.3249991 0 P 0
L 145.72499938 18.07500068 146.67500002 18.07500068 0 P 0
L 146.02500132 5.72499998 146.02500132 7.47499902 0 P 0
L 146.02500132 5.72499998 146.97499942 5.72499998 0 P 0
L 146.02500132 7.47499902 146.97499942 7.47499902 0 P 0
L 146.47500042 37.92500162 146.47500042 38.87499972 0 P 0
L 146.67500002 16.3249991 146.67500002 18.07500068 0 P 0
L 146.79400156 41.82500398 146.79400156 42.77500208 0 P 0
L 146.79400156 41.82500398 148.5440006 41.82500398 0 P 0
L 146.79400156 42.77500208 148.5440006 42.77500208 0 P 0
L 146.97499942 5.72499998 146.97499942 7.47499902 0 P 0
L 147.62499812 17.69400068 147.62499812 19.44399972 0 P 0
L 147.62499812 17.69400068 148.57499622 17.69400068 0 P 0
L 147.62499812 19.44399972 148.57499622 19.44399972 0 P 0
L 147.62499812 27.694001 147.62499812 29.44400004 0 P 0
L 147.62499812 27.694001 148.57499622 27.694001 0 P 0
L 147.62499812 29.44400004 148.57499622 29.44400004 0 P 0
L 147.62499812 47.69400164 147.62499812 49.44400068 0 P 0
L 147.62499812 47.69400164 148.57499622 47.69400164 0 P 0
L 147.62499812 49.44400068 148.57499622 49.44400068 0 P 0
L 148.02499986 15.82500264 148.02499986 16.77500074 0 P 0
L 148.02499986 15.82500264 149.7749989 15.82500264 0 P 0
L 148.02499986 16.77500074 149.7749989 16.77500074 0 P 0
L 148.5440006 41.82500398 148.5440006 42.77500208 0 P 0
L 148.57499622 17.69400068 148.57499622 19.44399972 0 P 0
L 148.57499622 27.694001 148.57499622 29.44400004 0 P 0
L 148.57499622 47.69400164 148.57499622 49.44400068 0 P 0
L 149.7749989 15.82500264 149.7749989 16.77500074 0 P 0
L 150.52499994 7.62499872 150.52499994 9.3750003 0 P 0
L 150.52499994 7.62499872 151.47500058 7.62499872 0 P 0
L 150.52499994 9.3750003 151.47500058 9.3750003 0 P 0
L 151.47500058 7.62499872 151.47500058 9.3750003 0 P 0
L 154.17500026 8.30000118 154.17500026 10.05000022 0 P 0
L 154.17500026 8.30000118 155.12499836 8.30000118 0 P 0
L 154.17500026 10.05000022 155.12499836 10.05000022 0 P 0
L 155.12499836 8.30000118 155.12499836 10.05000022 0 P 0
L 183.92500172 48.22500134 183.92500172 49.97500038 0 P 0
L 183.92500172 48.22500134 184.87499982 48.22500134 0 P 0
L 183.92500172 49.97500038 184.87499982 49.97500038 0 P 0
L 184.22499858 28.7249997 184.22499858 30.47500128 0 P 0
L 184.22499858 28.7249997 185.17499922 28.7249997 0 P 0
L 184.22499858 30.47500128 185.17499922 30.47500128 0 P 0
L 184.52500052 32.12500306 184.52500052 33.07500116 0 P 0
L 184.52500052 32.12500306 186.27499956 32.12500306 0 P 0
L 184.52500052 33.07500116 186.27499956 33.07500116 0 P 0
L 184.87499982 48.22500134 184.87499982 49.97500038 0 P 0
L 185.17499922 28.7249997 185.17499922 30.47500128 0 P 0
L 186.27499956 32.12500306 186.27499956 33.07500116 0 P 0
L 186.32499946 28.7249997 186.32499946 30.47499874 0 P 0
L 186.32499946 28.7249997 187.27499756 28.7249997 0 P 0
L 186.32499946 30.47499874 187.27499756 30.47499874 0 P 0
L 187.22500274 39.72500056 187.22500274 41.4749996 0 P 0
L 187.22500274 39.72500056 188.17500084 39.72500056 0 P 0
L 187.22500274 41.4749996 188.17500084 41.4749996 0 P 0
L 187.27499756 28.7249997 187.27499756 30.47499874 0 P 0
L 188.17500084 39.72500056 188.17500084 41.4749996 0 P 0
L 188.32500054 7.02499992 188.32500054 8.77499896 0 P 0
L 188.32500054 7.02499992 189.27499864 7.02499992 0 P 0
L 188.32500054 8.77499896 189.27499864 8.77499896 0 P 0
L 188.62499994 21.82499826 188.62499994 23.57499984 0 P 0
L 188.62499994 21.82499826 189.57500058 21.82499826 0 P 0
L 188.62499994 23.57499984 189.57500058 23.57499984 0 P 0
L 189.27499864 7.02499992 189.27499864 8.77499896 0 P 0
L 189.42500088 39.92499762 189.42500088 41.6749992 0 P 0
L 189.42500088 39.92499762 190.37500152 39.92499762 0 P 0
L 189.42500088 41.6749992 190.37500152 41.6749992 0 P 0
L 189.57500058 21.82499826 189.57500058 23.57499984 0 P 0
L 190.22499928 5.52499784 190.22499928 7.27499942 0 P 0
L 190.22499928 5.52499784 191.17499992 5.52499784 0 P 0
L 190.22499928 7.27499942 191.17499992 7.27499942 0 P 0
L 190.37500152 39.92499762 190.37500152 41.6749992 0 P 0
L 191.17499992 5.52499784 191.17499992 7.27499942 0 P 0
L 191.72500136 40.9250007 191.72500136 41.8749988 0 P 0
L 191.72500136 40.9250007 193.4750004 40.9250007 0 P 0
L 191.72500136 41.8749988 193.4750004 41.8749988 0 P 0
L 192.3250027 5.5500016 192.3250027 7.30000064 0 P 0
L 192.3250027 5.5500016 193.2750008 5.5500016 0 P 0
L 192.3250027 7.30000064 193.2750008 7.30000064 0 P 0
L 192.3250027 15.9249999 192.3250027 17.67499894 0 P 0
L 192.3250027 15.9249999 193.2750008 15.9249999 0 P 0
L 192.3250027 17.67499894 193.2750008 17.67499894 0 P 0
L 193.2750008 5.5500016 193.2750008 7.30000064 0 P 0
L 193.2750008 15.9249999 193.2750008 17.67499894 0 P 0
L 193.4750004 40.9250007 193.4750004 41.8749988 0 P 0
L 194.62500064 52.22499842 194.62500064 53.975 0 P 0
L 194.62500064 52.22499842 195.57500128 52.22499842 0 P 0
L 194.62500064 53.975 195.57500128 53.975 0 P 0
L 195.32500178 21.9250006 195.32500178 23.67499964 0 P 0
L 195.32500178 21.9250006 196.27499988 21.9250006 0 P 0
L 195.32500178 23.67499964 196.27499988 23.67499964 0 P 0
L 195.57500128 52.22499842 195.57500128 53.975 0 P 0
L 196.27499988 21.9250006 196.27499988 23.67499964 0 P 0
L 196.72438684 50.82472944 196.72438684 52.57472848 0 P 0
L 196.72438684 50.82472944 197.67438494 50.82472944 0 P 0
L 196.72438684 52.57472848 197.67438494 52.57472848 0 P 0
L 197.67438494 50.82472944 197.67438494 52.57472848 0 P 0
