UNITS=MM
#Layer_Color=32768
#
#Feature symbol names
#
$0 r199.9996
$1 r99.9998
$2 r49.9999

#
#Feature attribute names
#

#
#Layer features
#
L 3.0509972 6.77500296 3.0509972 16.42700296 0 P 0
L 3.0509972 6.77500296 13.3379972 6.77500296 0 P 0
L 3.0509972 16.42700296 13.3379972 16.42700296 0 P 0
L 3.3140015 16.8789985 3.3140015 26.5309985 0 P 0
L 3.3140015 16.8789985 13.6010015 16.8789985 0 P 0
L 3.3140015 26.5309985 13.6010015 26.5309985 0 P 0
L 3.43900252 26.97899862 3.43900252 36.63099862 0 P 0
L 3.43900252 26.97899862 13.72600252 26.97899862 0 P 0
L 3.43900252 36.63099862 13.72600252 36.63099862 0 P 0
L 3.45099894 37.27500038 3.45099894 46.92700038 0 P 0
L 3.45099894 37.27500038 13.73799894 37.27500038 0 P 0
L 3.45099894 46.92700038 13.73799894 46.92700038 0 P 0
L 3.64600236 47.22299928 3.64600236 56.87499928 0 P 0
L 3.64600236 47.22299928 13.93300236 47.22299928 0 P 0
L 3.64600236 56.87499928 13.93300236 56.87499928 0 P 0
L 7.4959972 11.60100296 8.7659972 11.60100296 0 P 0
L 7.7590015 21.7049985 9.0290015 21.7049985 0 P 0
L 7.88400252 31.80499862 9.15400252 31.80499862 0 P 0
L 7.89599894 42.10100038 9.16599894 42.10100038 0 P 0
L 8.09100236 52.04899928 9.36100236 52.04899928 0 P 0
L 8.1309972 10.96600296 8.1309972 12.23600296 0 P 0
L 8.3940015 21.0699985 8.3940015 22.3399985 0 P 0
L 8.51900252 31.16999862 8.51900252 32.43999862 0 P 0
L 8.53099894 41.46600038 8.53099894 42.73600038 0 P 0
L 8.72600236 51.41399928 8.72600236 52.68399928 0 P 0
L 13.3379972 6.77500296 13.3379972 16.42700296 0 P 0
L 13.6010015 16.8789985 13.6010015 26.5309985 0 P 0
L 13.72600252 26.97899862 13.72600252 36.63099862 0 P 0
L 13.73799894 37.27500038 13.73799894 46.92700038 0 P 0
L 13.93300236 47.22299928 13.93300236 56.87499928 0 P 0
L 14.79999834 31.4500006 14.79999834 32.95000014 2 P 0
L 14.79999834 31.4500006 17.50000056 31.4500006 2 P 0
L 14.79999834 32.95000014 17.50000056 32.95000014 2 P 0
L 15.6750004 32.1999991 16.6249985 32.1999991 1 P 0
L 15.84999878 40.54999764 15.84999878 43.24999986 2 P 0
L 15.84999878 40.54999764 17.34999832 40.54999764 2 P 0
L 15.84999878 43.24999986 17.34999832 43.24999986 2 P 0
L 15.85000132 50.6500003 15.85000132 53.35000252 2 P 0
L 15.85000132 50.6500003 17.35000086 50.6500003 2 P 0
L 15.85000132 53.35000252 17.35000086 53.35000252 2 P 0
L 16.1249995 41.90000002 17.07500014 41.90000002 1 P 0
L 16.1249995 52.00000014 17.07500014 52.00000014 1 P 0
L 16.15000072 31.72499878 16.15000072 32.67499942 1 P 0
L 16.59999982 41.4249997 16.59999982 42.3749978 1 P 0
L 16.59999982 51.52500236 16.59999982 52.47500046 1 P 0
L 17.34999832 40.54999764 17.34999832 43.24999986 2 P 0
L 17.35000086 50.6500003 17.35000086 53.35000252 2 P 0
L 17.46800164 31.40599764 17.46800164 33.10599932 2 P 0
L 17.46800164 31.40599764 20.46800072 31.40599764 2 P 0
L 17.46800164 33.10599932 20.46800072 33.10599932 2 P 0
L 17.47999806 41.7019994 17.47999806 43.40200108 2 P 0
L 17.47999806 41.7019994 20.47999714 41.7019994 2 P 0
L 17.47999806 43.40200108 20.47999714 43.40200108 2 P 0
L 17.50000056 31.4500006 17.50000056 32.95000014 2 P 0
L 17.64999772 21.55000262 17.64999772 23.05000216 2 P 0
L 17.64999772 21.55000262 20.34999994 21.55000262 2 P 0
L 17.64999772 23.05000216 20.34999994 23.05000216 2 P 0
L 17.67500148 51.6499983 17.67500148 53.34999998 2 P 0
L 17.67500148 51.6499983 20.67500056 51.6499983 2 P 0
L 17.67500148 53.34999998 20.67500056 53.34999998 2 P 0
L 18.4730009 32.25599848 19.46300146 32.25599848 1 P 0
L 18.48499732 42.55200024 19.47499788 42.55200024 1 P 0
L 18.52499978 22.30000112 19.47499788 22.30000112 1 P 0
L 18.68000074 52.49999914 19.6700013 52.49999914 1 P 0
L 18.96800118 31.7609982 18.96800118 32.75099876 1 P 0
L 18.9799976 42.05699996 18.9799976 43.04700052 1 P 0
L 19.0000001 21.8250008 19.0000001 22.77500144 1 P 0
L 19.17500102 52.00499886 19.17500102 52.99499942 1 P 0
L 19.34999686 14.15000218 19.34999686 15.65000172 2 P 0
L 19.34999686 14.15000218 22.04999908 14.15000218 2 P 0
L 19.34999686 15.65000172 22.04999908 15.65000172 2 P 0
L 20.22499892 14.90000068 21.17499702 14.90000068 1 P 0
L 20.34999994 21.55000262 20.34999994 23.05000216 2 P 0
L 20.46800072 31.40599764 20.46800072 33.10599932 2 P 0
L 20.47999714 41.7019994 20.47999714 43.40200108 2 P 0
L 20.54300438 30.35599974 20.54300438 33.05599942 2 P 0
L 20.54300438 30.35599974 22.04300392 30.35599974 2 P 0
L 20.54300438 33.05599942 22.04300392 33.05599942 2 P 0
L 20.5550008 40.6520015 20.5550008 43.35200118 2 P 0
L 20.5550008 40.6520015 22.05500034 40.6520015 2 P 0
L 20.5550008 43.35200118 22.05500034 43.35200118 2 P 0
L 20.67500056 51.6499983 20.67500056 53.34999998 2 P 0
L 20.69999924 14.42500036 20.69999924 15.375001 1 P 0
L 20.75000422 50.6000004 20.75000422 53.30000008 2 P 0
L 20.75000422 50.6000004 22.25000376 50.6000004 2 P 0
L 20.75000422 53.30000008 22.25000376 53.30000008 2 P 0
L 20.8180051 31.70599958 21.7680032 31.70599958 1 P 0
L 20.83000152 42.00200134 21.77999962 42.00200134 1 P 0
L 21.02500494 51.95000024 21.97500304 51.95000024 1 P 0
L 21.29300288 31.23099926 21.29300288 32.1809999 1 P 0
L 21.3049993 41.52700102 21.3049993 42.47700166 1 P 0
L 21.50000018 21.34999794 21.50000018 23.04999962 2 P 0
L 21.50000018 21.34999794 24.49999926 21.34999794 2 P 0
L 21.50000018 23.04999962 24.49999926 23.04999962 2 P 0
L 21.50000272 51.47499992 21.50000272 52.42500056 1 P 0
L 22.04300392 30.35599974 22.04300392 33.05599942 2 P 0
L 22.04999908 14.15000218 22.04999908 15.65000172 2 P 0
L 22.05500034 40.6520015 22.05500034 43.35200118 2 P 0
L 22.25000376 50.6000004 22.25000376 53.30000008 2 P 0
L 22.40000092 12.14999856 22.40000092 13.85000024 2 P 0
L 22.40000092 12.14999856 25.4 12.14999856 2 P 0
L 22.40000092 13.85000024 25.4 13.85000024 2 P 0
L 22.50499944 22.19999878 23.495 22.19999878 1 P 0
L 22.99999972 21.7049985 22.99999972 22.69499906 1 P 0
L 23.40500018 12.9999994 24.39500074 12.9999994 1 P 0
L 23.90000046 12.50499912 23.90000046 13.49499968 1 P 0
L 24.49999926 21.34999794 24.49999926 23.04999962 2 P 0
L 25.4 12.14999856 25.4 13.85000024 2 P 0
L 28.2549981 11.05200482 28.2549981 13.7520045 2 P 0
L 28.2549981 11.05200482 29.75499764 11.05200482 2 P 0
L 28.2549981 13.7520045 29.75499764 13.7520045 2 P 0
L 28.52999882 12.40200466 29.47999692 12.40200466 1 P 0
L 29.0049966 11.92700434 29.0049966 12.87700498 1 P 0
L 29.75499764 11.05200482 29.75499764 13.7520045 2 P 0
L 31.250001 21.25000068 31.250001 23.95000036 2 P 0
L 31.250001 21.25000068 32.75000054 21.25000068 2 P 0
L 31.250001 23.95000036 32.75000054 23.95000036 2 P 0
L 31.52500172 22.60000052 32.47499982 22.60000052 1 P 0
L 31.9999995 22.1250002 31.9999995 23.07500084 1 P 0
L 32.34799728 6.57600412 32.34799728 16.22800412 0 P 0
L 32.34799728 6.57600412 42.63499728 6.57600412 0 P 0
L 32.34799728 16.22800412 42.63499728 16.22800412 0 P 0
L 32.61100158 16.67999966 32.61100158 26.33199966 0 P 0
L 32.61100158 16.67999966 42.89800158 16.67999966 0 P 0
L 32.61100158 26.33199966 42.89800158 26.33199966 0 P 0
L 32.7360026 26.77999978 32.7360026 36.43199978 0 P 0
L 32.7360026 26.77999978 43.0230026 26.77999978 0 P 0
L 32.7360026 36.43199978 43.0230026 36.43199978 0 P 0
L 32.74799902 37.07600154 32.74799902 46.72800154 0 P 0
L 32.74799902 37.07600154 43.03499902 37.07600154 0 P 0
L 32.74799902 46.72800154 43.03499902 46.72800154 0 P 0
L 32.75000054 21.25000068 32.75000054 23.95000036 2 P 0
L 32.94300244 47.02400044 32.94300244 56.67600044 0 P 0
L 32.94300244 47.02400044 43.23000244 47.02400044 0 P 0
L 32.94300244 56.67600044 43.23000244 56.67600044 0 P 0
L 36.91999728 11.40200412 38.18999728 11.40200412 0 P 0
L 37.18300158 21.50599966 38.45300158 21.50599966 0 P 0
L 37.3080026 31.60599978 38.5780026 31.60599978 0 P 0
L 37.31999902 41.90200154 38.58999902 41.90200154 0 P 0
L 37.51500244 51.85000044 38.78500244 51.85000044 0 P 0
L 37.55499728 10.76700412 37.55499728 12.03700412 0 P 0
L 37.81800158 20.87099966 37.81800158 22.14099966 0 P 0
L 37.9430026 30.97099978 37.9430026 32.24099978 0 P 0
L 37.95499902 41.26700154 37.95499902 42.53700154 0 P 0
L 38.15000244 51.21500044 38.15000244 52.48500044 0 P 0
L 42.63499728 6.57600412 42.63499728 16.22800412 0 P 0
L 42.89800158 16.67999966 42.89800158 26.33199966 0 P 0
L 43.0230026 26.77999978 43.0230026 36.43199978 0 P 0
L 43.03499902 37.07600154 43.03499902 46.72800154 0 P 0
L 43.23000244 47.02400044 43.23000244 56.67600044 0 P 0
L 45.59600228 37.7230005 45.59600228 47.3750005 0 P 0
L 45.59600228 37.7230005 55.88300228 37.7230005 0 P 0
L 45.59600228 47.3750005 55.88300228 47.3750005 0 P 0
L 45.65099836 5.77299836 45.65099836 15.42499836 0 P 0
L 45.65099836 5.77299836 55.93799836 5.77299836 0 P 0
L 45.65099836 15.42499836 55.93799836 15.42499836 0 P 0
L 45.65099836 16.52299718 45.65099836 26.17499718 0 P 0
L 45.65099836 16.52299718 55.93799836 16.52299718 0 P 0
L 45.65099836 26.17499718 55.93799836 26.17499718 0 P 0
L 45.65099836 27.52299804 45.65099836 37.17499804 0 P 0
L 45.65099836 27.52299804 55.93799836 27.52299804 0 P 0
L 45.65099836 37.17499804 55.93799836 37.17499804 0 P 0
L 45.85099796 48.64800024 45.85099796 58.30000024 0 P 0
L 45.85099796 48.64800024 56.13799796 48.64800024 0 P 0
L 45.85099796 58.30000024 56.13799796 58.30000024 0 P 0
L 50.04100228 42.5490005 51.31100228 42.5490005 0 P 0
L 50.09599836 10.59899836 51.36599836 10.59899836 0 P 0
L 50.09599836 21.34899718 51.36599836 21.34899718 0 P 0
L 50.09599836 32.34899804 51.36599836 32.34899804 0 P 0
L 50.29599796 53.47400024 51.56599796 53.47400024 0 P 0
L 50.67600228 41.9140005 50.67600228 43.1840005 0 P 0
L 50.73099836 9.96399836 50.73099836 11.23399836 0 P 0
L 50.73099836 20.71399718 50.73099836 21.98399718 0 P 0
L 50.73099836 31.71399804 50.73099836 32.98399804 0 P 0
L 50.93099796 52.83900024 50.93099796 54.10900024 0 P 0
L 55.88300228 37.7230005 55.88300228 47.3750005 0 P 0
L 55.93799836 5.77299836 55.93799836 15.42499836 0 P 0
L 55.93799836 16.52299718 55.93799836 26.17499718 0 P 0
L 55.93799836 27.52299804 55.93799836 37.17499804 0 P 0
L 56.13799796 48.64800024 56.13799796 58.30000024 0 P 0
L 56.64999846 50.85000244 56.64999846 52.35000198 2 P 0
L 56.64999846 50.85000244 59.35000068 50.85000244 2 P 0
L 56.64999846 52.35000198 59.35000068 52.35000198 2 P 0
L 57.52500052 51.60000094 58.47499862 51.60000094 1 P 0
L 57.54999666 18.7500006 57.54999666 20.25000014 2 P 0
L 57.54999666 18.7500006 60.24999888 18.7500006 2 P 0
L 57.54999666 20.25000014 60.24999888 20.25000014 2 P 0
L 58.00000084 51.12500062 58.00000084 52.07500126 1 P 0
L 58.42499872 19.4999991 59.37499682 19.4999991 1 P 0
L 58.89999904 19.02499878 58.89999904 19.97499942 1 P 0
L 59.35000068 50.85000244 59.35000068 52.35000198 2 P 0
L 59.65000008 23.19999932 59.65000008 26.1999984 2 P 0
L 59.65000008 23.19999932 61.35000176 23.19999932 2 P 0
L 59.65000008 26.1999984 61.35000176 26.1999984 2 P 0
L 59.74999734 39.55000218 59.74999734 41.05000172 2 P 0
L 59.74999734 39.55000218 62.44999956 39.55000218 2 P 0
L 59.74999734 41.05000172 62.44999956 41.05000172 2 P 0
L 59.87999708 53.07499926 59.87999708 54.77500094 2 P 0
L 59.87999708 53.07499926 62.87999616 53.07499926 2 P 0
L 59.87999708 54.77500094 62.87999616 54.77500094 2 P 0
L 60.00500064 24.69999886 60.9950012 24.69999886 1 P 0
L 60.24999888 18.7500006 60.24999888 20.25000014 2 P 0
L 60.50000092 24.20499858 60.50000092 25.19499914 1 P 0
L 60.6249994 40.30000068 61.5749975 40.30000068 1 P 0
L 60.88499634 53.9250001 61.8749969 53.9250001 1 P 0
L 61.09999972 39.82500036 61.09999972 40.775001 1 P 0
L 61.35000176 23.19999932 61.35000176 26.1999984 2 P 0
L 61.37999662 53.42999982 61.37999662 54.42000038 1 P 0
L 61.84999822 9.80000072 61.84999822 12.7999998 2 P 0
L 61.84999822 9.80000072 63.5499999 9.80000072 2 P 0
L 61.84999822 12.7999998 63.5499999 12.7999998 2 P 0
L 62.20499878 11.30000026 63.19499934 11.30000026 1 P 0
L 62.44999956 39.55000218 62.44999956 41.05000172 2 P 0
L 62.52500068 45.0499988 62.52500068 46.75000048 2 P 0
L 62.52500068 45.0499988 65.52499976 45.0499988 2 P 0
L 62.52500068 46.75000048 65.52499976 46.75000048 2 P 0
L 62.69999906 10.80499998 62.69999906 11.79500054 1 P 0
L 62.87999616 53.07499926 62.87999616 54.77500094 2 P 0
L 62.95499982 52.02500136 62.95499982 54.72500104 2 P 0
L 62.95499982 52.02500136 64.45499936 52.02500136 2 P 0
L 62.95499982 54.72500104 64.45499936 54.72500104 2 P 0
L 63.23000054 53.3750012 64.17999864 53.3750012 1 P 0
L 63.24999796 29.14999758 63.24999796 31.8499998 2 P 0
L 63.24999796 29.14999758 64.7499975 29.14999758 2 P 0
L 63.24999796 31.8499998 64.7499975 31.8499998 2 P 0
L 63.52499868 30.49999996 64.47499932 30.49999996 1 P 0
L 63.52999994 45.89999964 64.5200005 45.89999964 1 P 0
L 63.5499999 9.80000072 63.5499999 12.7999998 2 P 0
L 63.70499832 52.90000088 63.70499832 53.85000152 1 P 0
L 63.999999 30.02499964 63.999999 30.97499774 1 P 0
L 64.02500022 45.40499936 64.02500022 46.39499992 1 P 0
L 64.45499936 52.02500136 64.45499936 54.72500104 2 P 0
L 64.7499975 29.14999758 64.7499975 31.8499998 2 P 0
L 65.52499976 45.0499988 65.52499976 46.75000048 2 P 0
L 65.59500216 45.16699882 65.59500216 47.8669985 2 P 0
L 65.59500216 45.16699882 67.0950017 45.16699882 2 P 0
L 65.59500216 47.8669985 67.0950017 47.8669985 2 P 0
L 65.87000288 46.51699866 66.82000098 46.51699866 1 P 0
L 66.24999958 30.69999956 66.24999958 33.69999864 2 P 0
L 66.24999958 30.69999956 67.95000126 30.69999956 2 P 0
L 66.24999958 33.69999864 67.95000126 33.69999864 2 P 0
L 66.3450032 46.04199834 66.3450032 46.99199898 1 P 0
L 66.60500014 32.1999991 67.5950007 32.1999991 1 P 0
L 67.0950017 45.16699882 67.0950017 47.8669985 2 P 0
L 67.10000042 31.70499882 67.10000042 32.69499938 1 P 0
L 67.75425108 7.07956928 67.75425108 9.7795715 2 P 0
L 67.75425108 7.07956928 69.25425062 7.07956928 2 P 0
L 67.75425108 9.7795715 69.25425062 9.7795715 2 P 0
L 67.95000126 30.69999956 67.95000126 33.69999864 2 P 0
L 68.0292518 8.42957166 68.97925244 8.42957166 1 P 0
L 68.50425212 7.95457134 68.50425212 8.90456944 1 P 0
L 69.25425062 7.07956928 69.25425062 9.7795715 2 P 0
L 69.9499998 32.35000134 69.9499998 35.05000102 2 P 0
L 69.9499998 32.35000134 71.44999934 32.35000134 2 P 0
L 69.9499998 35.05000102 71.44999934 35.05000102 2 P 0
L 70.22500052 33.70000118 71.17499862 33.70000118 1 P 0
L 70.70000084 33.22500086 70.70000084 34.1750015 1 P 0
L 70.9499978 10.3169974 70.9499978 13.01699708 2 P 0
L 70.9499978 10.3169974 72.44999734 10.3169974 2 P 0
L 70.9499978 13.01699708 72.44999734 13.01699708 2 P 0
L 71.22499852 11.66699724 72.17499662 11.66699724 1 P 0
L 71.44999934 32.35000134 71.44999934 35.05000102 2 P 0
L 71.69999884 11.19199692 71.69999884 12.14199756 1 P 0
L 72.44999734 10.3169974 72.44999734 13.01699708 2 P 0
L 72.44999988 22.85000002 72.44999988 25.5499997 2 P 0
L 72.44999988 22.85000002 73.94999942 22.85000002 2 P 0
L 72.44999988 25.5499997 73.94999942 25.5499997 2 P 0
L 72.7250006 24.19999986 73.6749987 24.19999986 1 P 0
L 73.20000092 23.72499954 73.20000092 24.67500018 1 P 0
L 73.94999942 22.85000002 73.94999942 25.5499997 2 P 0
L 74.89300236 37.52400166 74.89300236 47.17600166 0 P 0
L 74.89300236 37.52400166 85.18000236 37.52400166 0 P 0
L 74.89300236 47.17600166 85.18000236 47.17600166 0 P 0
L 74.94799844 5.57399952 74.94799844 15.22599952 0 P 0
L 74.94799844 5.57399952 85.23499844 5.57399952 0 P 0
L 74.94799844 15.22599952 85.23499844 15.22599952 0 P 0
L 74.94799844 16.32399834 74.94799844 25.97599834 0 P 0
L 74.94799844 16.32399834 85.23499844 16.32399834 0 P 0
L 74.94799844 25.97599834 85.23499844 25.97599834 0 P 0
L 74.94799844 27.3239992 74.94799844 36.9759992 0 P 0
L 74.94799844 27.3239992 85.23499844 27.3239992 0 P 0
L 74.94799844 36.9759992 85.23499844 36.9759992 0 P 0
L 75.14799804 48.4490014 75.14799804 58.1010014 0 P 0
L 75.14799804 48.4490014 85.43499804 48.4490014 0 P 0
L 75.14799804 58.1010014 85.43499804 58.1010014 0 P 0
L 79.46500236 42.35000166 80.73500236 42.35000166 0 P 0
L 79.51999844 10.39999952 80.78999844 10.39999952 0 P 0
L 79.51999844 21.14999834 80.78999844 21.14999834 0 P 0
L 79.51999844 32.1499992 80.78999844 32.1499992 0 P 0
L 79.71999804 53.2750014 80.98999804 53.2750014 0 P 0
L 80.10000236 41.71500166 80.10000236 42.98500166 0 P 0
L 80.15499844 9.76499952 80.15499844 11.03499952 0 P 0
L 80.15499844 20.51499834 80.15499844 21.78499834 0 P 0
L 80.15499844 31.5149992 80.15499844 32.7849992 0 P 0
L 80.35499804 52.6400014 80.35499804 53.9100014 0 P 0
L 85.18000236 37.52400166 85.18000236 47.17600166 0 P 0
L 85.23499844 5.57399952 85.23499844 15.22599952 0 P 0
L 85.23499844 16.32399834 85.23499844 25.97599834 0 P 0
L 85.23499844 27.3239992 85.23499844 36.9759992 0 P 0
L 85.43499804 48.4490014 85.43499804 58.1010014 0 P 0
L 88.35099678 27.6060027 88.35099678 37.2580027 0 P 0
L 88.35099678 27.6060027 98.63799678 27.6060027 0 P 0
L 88.35099678 37.14800038 88.35099678 46.80000038 0 P 0
L 88.35099678 37.14800038 98.63799678 37.14800038 0 P 0
L 88.35099678 37.2580027 98.63799678 37.2580027 0 P 0
L 88.35099678 46.80000038 98.63799678 46.80000038 0 P 0
L 88.49299548 46.99 88.49299548 56.642 0 P 0
L 88.49299548 46.99 98.77999548 46.99 0 P 0
L 88.49299548 56.642 98.77999548 56.642 0 P 0
L 88.85099832 4.95384328 88.85099832 14.60584328 0 P 0
L 88.85099832 4.95384328 99.13799832 4.95384328 0 P 0
L 88.85099832 14.60584328 99.13799832 14.60584328 0 P 0
L 88.85099832 16.95384214 88.85099832 26.60584214 0 P 0
L 88.85099832 16.95384214 99.13799832 16.95384214 0 P 0
L 88.85099832 26.60584214 99.13799832 26.60584214 0 P 0
L 92.79599678 32.4320027 94.06599678 32.4320027 0 P 0
L 92.79599678 41.97400038 94.06599678 41.97400038 0 P 0
L 92.93799548 51.816 94.20799548 51.816 0 P 0
L 93.29599832 9.77984328 94.56599832 9.77984328 0 P 0
L 93.29599832 21.77984214 94.56599832 21.77984214 0 P 0
L 93.43099678 31.7970027 93.43099678 33.0670027 0 P 0
L 93.43099678 41.33900038 93.43099678 42.60900038 0 P 0
L 93.57299548 51.181 93.57299548 52.451 0 P 0
L 93.93099832 9.14484328 93.93099832 10.41484328 0 P 0
L 93.93099832 21.14484214 93.93099832 22.41484214 0 P 0
L 98.63799678 27.6060027 98.63799678 37.2580027 0 P 0
L 98.63799678 37.14800038 98.63799678 46.80000038 0 P 0
L 98.77999548 46.99 98.77999548 56.642 0 P 0
L 99.13799832 4.95384328 99.13799832 14.60584328 0 P 0
L 99.13799832 16.95384214 99.13799832 26.60584214 0 P 0
L 99.24999962 42.34999658 99.24999962 45.0499988 2 P 0
L 99.24999962 42.34999658 100.74999916 42.34999658 2 P 0
L 99.24999962 45.0499988 100.74999916 45.0499988 2 P 0
L 99.52500034 43.69999896 100.47500098 43.69999896 1 P 0
L 99.54999902 26.79999974 99.54999902 29.50000196 2 P 0
L 99.54999902 26.79999974 101.04999856 26.79999974 2 P 0
L 99.54999902 29.50000196 101.04999856 29.50000196 2 P 0
L 99.82499974 28.15000212 100.77500038 28.15000212 1 P 0
L 99.84999842 5.24784066 99.84999842 8.24783974 2 P 0
L 99.84999842 5.24784066 101.5500001 5.24784066 2 P 0
L 99.84999842 8.24783974 101.5500001 8.24783974 2 P 0
L 99.84999842 17.24783952 99.84999842 20.2478386 2 P 0
L 99.84999842 17.24783952 101.5500001 17.24783952 2 P 0
L 99.84999842 20.2478386 101.5500001 20.2478386 2 P 0
L 99.94999822 21.54999754 99.94999822 24.24999976 2 P 0
L 99.94999822 21.54999754 101.44999776 21.54999754 2 P 0
L 99.94999822 24.24999976 101.44999776 24.24999976 2 P 0
L 100.00000066 43.22499864 100.00000066 44.17499674 1 P 0
L 100.04999802 1.3499973 100.04999802 4.04999952 2 P 0
L 100.04999802 1.3499973 101.54999756 1.3499973 2 P 0
L 100.04999802 4.04999952 101.54999756 4.04999952 2 P 0
L 100.20499898 6.7478402 101.19499954 6.7478402 1 P 0
L 100.20499898 18.74783906 101.19499954 18.74783906 1 P 0
L 100.22499894 22.89999992 101.17499958 22.89999992 1 P 0
L 100.25000016 51.7499981 100.25000016 54.45000032 2 P 0
L 100.25000016 51.7499981 101.7499997 51.7499981 2 P 0
L 100.25000016 54.45000032 101.7499997 54.45000032 2 P 0
L 100.30000006 27.6750018 100.30000006 28.6249999 1 P 0
L 100.32499874 2.69999968 101.27499938 2.69999968 1 P 0
L 100.52500088 53.10000048 101.47500152 53.10000048 1 P 0
L 100.69999926 6.25283992 100.69999926 7.24284048 1 P 0
L 100.69999926 18.25283878 100.69999926 19.24283934 1 P 0
L 100.69999926 22.4249996 100.69999926 23.3749977 1 P 0
L 100.74999916 42.34999658 100.74999916 45.0499988 2 P 0
L 100.79999906 2.22499936 100.79999906 3.17499746 1 P 0
L 100.84999896 42.00000236 100.84999896 45.00000144 2 P 0
L 100.84999896 42.00000236 102.55000064 42.00000236 2 P 0
L 100.84999896 45.00000144 102.55000064 45.00000144 2 P 0
L 101.0000012 52.62500016 101.0000012 53.57499826 1 P 0
L 101.04999856 26.79999974 101.04999856 29.50000196 2 P 0
L 101.20499952 43.5000019 102.19500008 43.5000019 1 P 0
L 101.44999776 21.54999754 101.44999776 24.24999976 2 P 0
L 101.54999756 1.3499973 101.54999756 4.04999952 2 P 0
L 101.5500001 5.24784066 101.5500001 8.24783974 2 P 0
L 101.5500001 17.24783952 101.5500001 20.2478386 2 P 0
L 101.6999998 43.00500162 101.6999998 43.99500218 1 P 0
L 101.7499997 51.7499981 101.7499997 54.45000032 2 P 0
L 102.55000064 42.00000236 102.55000064 45.00000144 2 P 0
L 102.6499979 27.87499886 102.6499979 30.87499794 2 P 0
L 102.6499979 27.87499886 104.34999958 27.87499886 2 P 0
L 102.6499979 30.87499794 104.34999958 30.87499794 2 P 0
L 103.00499846 29.3749984 103.99499902 29.3749984 1 P 0
L 103.49999874 28.87999812 103.49999874 29.86999868 1 P 0
L 104.34999958 27.87499886 104.34999958 30.87499794 2 P 0
L 105.90800002 37.60799946 105.90800002 40.30799914 2 P 0
L 105.90800002 37.60799946 107.40799956 37.60799946 2 P 0
L 105.90800002 40.30799914 107.40799956 40.30799914 2 P 0
L 106.04999872 47.44999908 106.04999872 50.14999876 2 P 0
L 106.04999872 47.44999908 107.54999826 47.44999908 2 P 0
L 106.04999872 50.14999876 107.54999826 50.14999876 2 P 0
L 106.10799962 30.46600206 106.10799962 33.16600174 2 P 0
L 106.10799962 30.46600206 107.60799916 30.46600206 2 P 0
L 106.10799962 33.16600174 107.60799916 33.16600174 2 P 0
L 106.18300074 38.9579993 107.13299884 38.9579993 1 P 0
L 106.32499944 48.79999892 107.27499754 48.79999892 1 P 0
L 106.38300034 31.8160019 107.33299844 31.8160019 1 P 0
L 106.40800156 5.41384236 106.40800156 8.11384204 2 P 0
L 106.40800156 5.41384236 107.9080011 5.41384236 2 P 0
L 106.40800156 8.11384204 107.9080011 8.11384204 2 P 0
L 106.40800156 17.41384122 106.40800156 20.1138409 2 P 0
L 106.40800156 17.41384122 107.9080011 17.41384122 2 P 0
L 106.40800156 20.1138409 107.9080011 20.1138409 2 P 0
L 106.65800106 38.48299898 106.65800106 39.43299962 1 P 0
L 106.68300228 6.7638422 107.63300038 6.7638422 1 P 0
L 106.68300228 18.76384106 107.63300038 18.76384106 1 P 0
L 106.79999976 48.3249986 106.79999976 49.27499924 1 P 0
L 106.85800066 31.34100158 106.85800066 32.29100222 1 P 0
L 107.1580026 6.28884188 107.1580026 7.23884252 1 P 0
L 107.1580026 18.28884074 107.1580026 19.23884138 1 P 0
L 107.40799956 37.60799946 107.40799956 40.30799914 2 P 0
L 107.54999826 47.44999908 107.54999826 50.14999876 2 P 0
L 107.60799916 30.46600206 107.60799916 33.16600174 2 P 0
L 107.9080011 5.41384236 107.9080011 8.11384204 2 P 0
L 107.9080011 17.41384122 107.9080011 20.1138409 2 P 0
L 115.64999984 53.80000162 115.64999984 56.8000007 2 P 0
L 115.64999984 53.80000162 117.35000152 53.80000162 2 P 0
L 115.64999984 56.8000007 117.35000152 56.8000007 2 P 0
L 116.0050004 55.30000116 116.99500096 55.30000116 1 P 0
L 116.50000068 54.80500088 116.50000068 55.79500144 1 P 0
L 117.35000152 53.80000162 117.35000152 56.8000007 2 P 0
L 117.64799686 27.40700386 117.64799686 37.05900386 0 P 0
L 117.64799686 27.40700386 127.93499686 27.40700386 0 P 0
L 117.64799686 36.94900154 117.64799686 46.60100154 0 P 0
L 117.64799686 36.94900154 127.93499686 36.94900154 0 P 0
L 117.64799686 37.05900386 127.93499686 37.05900386 0 P 0
L 117.64799686 46.60100154 127.93499686 46.60100154 0 P 0
L 117.78999556 46.79100116 117.78999556 56.44300116 0 P 0
L 117.78999556 46.79100116 128.07699556 46.79100116 0 P 0
L 117.78999556 56.44300116 128.07699556 56.44300116 0 P 0
L 118.1479984 4.75484444 118.1479984 14.40684444 0 P 0
L 118.1479984 4.75484444 128.4349984 4.75484444 0 P 0
L 118.1479984 14.40684444 128.4349984 14.40684444 0 P 0
L 118.1479984 16.7548433 118.1479984 26.4068433 0 P 0
L 118.1479984 16.7548433 128.4349984 16.7548433 0 P 0
L 118.1479984 26.4068433 128.4349984 26.4068433 0 P 0
L 122.21999686 32.23300386 123.48999686 32.23300386 0 P 0
L 122.21999686 41.77500154 123.48999686 41.77500154 0 P 0
L 122.36199556 51.61700116 123.63199556 51.61700116 0 P 0
L 122.7199984 9.58084444 123.9899984 9.58084444 0 P 0
L 122.7199984 21.5808433 123.9899984 21.5808433 0 P 0
L 122.85499686 31.59800386 122.85499686 32.86800386 0 P 0
L 122.85499686 41.14000154 122.85499686 42.41000154 0 P 0
L 122.99699556 50.98200116 122.99699556 52.25200116 0 P 0
L 123.3549984 8.94584444 123.3549984 10.21584444 0 P 0
L 123.3549984 20.9458433 123.3549984 22.2158433 0 P 0
L 127.93499686 27.40700386 127.93499686 37.05900386 0 P 0
L 127.93499686 36.94900154 127.93499686 46.60100154 0 P 0
L 128.07699556 46.79100116 128.07699556 56.44300116 0 P 0
L 128.4349984 4.75484444 128.4349984 14.40684444 0 P 0
L 128.4349984 16.7548433 128.4349984 26.4068433 0 P 0
L 129.59299456 4.95900202 129.59299456 14.61100202 0 P 0
L 129.59299456 4.95900202 139.87999456 4.95900202 0 P 0
L 129.59299456 14.61100202 139.87999456 14.61100202 0 P 0
L 129.79299416 16.75900128 129.79299416 26.41100128 0 P 0
L 129.79299416 16.75900128 140.07999416 16.75900128 0 P 0
L 129.79299416 26.41100128 140.07999416 26.41100128 0 P 0
L 129.79299416 26.7590016 129.79299416 36.4110016 0 P 0
L 129.79299416 26.7590016 140.07999416 26.7590016 0 P 0
L 129.79299416 36.4110016 140.07999416 36.4110016 0 P 0
L 129.79299416 36.75900192 129.79299416 46.41100192 0 P 0
L 129.79299416 36.75900192 140.07999416 36.75900192 0 P 0
L 129.79299416 46.41100192 140.07999416 46.41100192 0 P 0
L 129.79299416 46.75900224 129.79299416 56.41100224 0 P 0
L 129.79299416 46.75900224 140.07999416 46.75900224 0 P 0
L 129.79299416 56.41100224 140.07999416 56.41100224 0 P 0
L 134.03799456 9.78500202 135.30799456 9.78500202 0 P 0
L 134.23799416 21.58500128 135.50799416 21.58500128 0 P 0
L 134.23799416 31.5850016 135.50799416 31.5850016 0 P 0
L 134.23799416 41.58500192 135.50799416 41.58500192 0 P 0
L 134.23799416 51.58500224 135.50799416 51.58500224 0 P 0
L 134.67299456 9.15000202 134.67299456 10.42000202 0 P 0
L 134.87299416 20.95000128 134.87299416 22.22000128 0 P 0
L 134.87299416 30.9500016 134.87299416 32.2200016 0 P 0
L 134.87299416 40.95000192 134.87299416 42.22000192 0 P 0
L 134.87299416 50.95000224 134.87299416 52.22000224 0 P 0
L 139.87999456 4.95900202 139.87999456 14.61100202 0 P 0
L 140.07999416 16.75900128 140.07999416 26.41100128 0 P 0
L 140.07999416 26.7590016 140.07999416 36.4110016 0 P 0
L 140.07999416 36.75900192 140.07999416 46.41100192 0 P 0
L 140.07999416 46.75900224 140.07999416 56.41100224 0 P 0
L 140.6499981 26.99999934 140.6499981 29.99999842 2 P 0
L 140.6499981 26.99999934 142.34999978 26.99999934 2 P 0
L 140.6499981 29.99999842 142.34999978 29.99999842 2 P 0
L 140.75000044 33.34999934 140.75000044 36.05000156 2 P 0
L 140.75000044 33.34999934 142.24999998 33.34999934 2 P 0
L 140.75000044 36.05000156 142.24999998 36.05000156 2 P 0
L 141.00499866 28.49999888 141.99499922 28.49999888 1 P 0
L 141.02499862 34.69999918 141.97499926 34.69999918 1 P 0
L 141.22500076 52.34999944 141.22500076 54.05000112 2 P 0
L 141.22500076 52.34999944 144.22499984 52.34999944 2 P 0
L 141.22500076 54.05000112 144.22499984 54.05000112 2 P 0
L 141.4464278 23.15304488 141.4464278 25.8530471 2 P 0
L 141.4464278 23.15304488 142.94642734 23.15304488 2 P 0
L 141.4464278 25.8530471 142.94642734 25.8530471 2 P 0
L 141.49999894 28.0049986 141.49999894 28.99499916 1 P 0
L 141.49999894 34.2250014 141.49999894 35.1749995 1 P 0
L 141.72142852 24.50304726 142.67142916 24.50304726 1 P 0
L 142.19642884 24.02804694 142.19642884 24.97804504 1 P 0
L 142.23000002 53.20000028 143.22000058 53.20000028 1 P 0
L 142.24999998 33.34999934 142.24999998 36.05000156 2 P 0
L 142.34999978 26.99999934 142.34999978 29.99999842 2 P 0
L 142.64999918 47.39999918 142.64999918 50.1000014 2 P 0
L 142.64999918 47.39999918 144.14999872 47.39999918 2 P 0
L 142.64999918 50.1000014 144.14999872 50.1000014 2 P 0
L 142.7250003 52.705 142.7250003 53.69500056 1 P 0
L 142.9249999 48.75000156 143.87500054 48.75000156 1 P 0
L 142.94642734 23.15304488 142.94642734 25.8530471 2 P 0
L 143.14999818 6.75000174 143.14999818 8.25000128 2 P 0
L 143.14999818 6.75000174 145.8500004 6.75000174 2 P 0
L 143.14999818 8.25000128 145.8500004 8.25000128 2 P 0
L 143.40000022 48.27500124 143.40000022 49.22499934 1 P 0
L 144.02500024 7.50000024 144.97499834 7.50000024 1 P 0
L 144.14999872 47.39999918 144.14999872 50.1000014 2 P 0
L 144.22499984 52.34999944 144.22499984 54.05000112 2 P 0
L 144.50000056 7.02499992 144.50000056 7.97500056 1 P 0
L 145.54999846 15.59999928 145.54999846 18.59999836 2 P 0
L 145.54999846 15.59999928 147.25000014 15.59999928 2 P 0
L 145.54999846 18.59999836 147.25000014 18.59999836 2 P 0
L 145.64999826 41.45000092 145.64999826 42.95000046 2 P 0
L 145.64999826 41.45000092 148.35000048 41.45000092 2 P 0
L 145.64999826 42.95000046 148.35000048 42.95000046 2 P 0
L 145.8500004 6.75000174 145.8500004 8.25000128 2 P 0
L 145.90499902 17.09999882 146.89499958 17.09999882 1 P 0
L 146.3999993 16.60499854 146.3999993 17.5949991 1 P 0
L 146.52500032 42.19999942 147.47499842 42.19999942 1 P 0
L 147.00000064 41.7249991 147.00000064 42.67499974 1 P 0
L 147.25000014 15.59999928 147.25000014 18.59999836 2 P 0
L 147.3499974 17.21900036 147.3499974 19.91900004 2 P 0
L 147.3499974 17.21900036 148.84999694 17.21900036 2 P 0
L 147.3499974 19.91900004 148.84999694 19.91900004 2 P 0
L 147.3499974 27.21900068 147.3499974 29.91900036 2 P 0
L 147.3499974 27.21900068 148.84999694 27.21900068 2 P 0
L 147.3499974 29.91900036 148.84999694 29.91900036 2 P 0
L 147.3499974 47.21900132 147.3499974 49.919001 2 P 0
L 147.3499974 47.21900132 148.84999694 47.21900132 2 P 0
L 147.3499974 49.919001 148.84999694 49.919001 2 P 0
L 147.62499812 18.5690002 148.57499622 18.5690002 1 P 0
L 147.62499812 28.56900052 148.57499622 28.56900052 1 P 0
L 147.62499812 48.56900116 148.57499622 48.56900116 1 P 0
L 147.69999924 6.7499992 147.69999924 8.45000088 2 P 0
L 147.69999924 6.7499992 150.69999832 6.7499992 2 P 0
L 147.69999924 8.45000088 150.69999832 8.45000088 2 P 0
L 148.09999844 18.09399988 148.09999844 19.04400052 1 P 0
L 148.09999844 28.0940002 148.09999844 29.04400084 1 P 0
L 148.09999844 48.09400084 148.09999844 49.04400148 1 P 0
L 148.35000048 41.45000092 148.35000048 42.95000046 2 P 0
L 148.7049985 7.60000004 149.69499906 7.60000004 1 P 0
L 148.84999694 17.21900036 148.84999694 19.91900004 2 P 0
L 148.84999694 27.21900068 148.84999694 29.91900036 2 P 0
L 148.84999694 47.21900132 148.84999694 49.919001 2 P 0
L 149.19999878 7.10499976 149.19999878 8.09500032 1 P 0
L 150.69999832 6.7499992 150.69999832 8.45000088 2 P 0
L 152.19700066 42.17500074 152.19700066 45.17499982 2 P 0
L 152.19700066 42.17500074 153.89700234 42.17500074 2 P 0
L 152.19700066 45.17499982 153.89700234 45.17499982 2 P 0
L 152.55200122 43.67500028 153.54200178 43.67500028 1 P 0
L 153.0470015 43.18 153.0470015 44.17000056 1 P 0
L 153.89700234 42.17500074 153.89700234 45.17499982 2 P 0
L 153.89999954 7.82500086 153.89999954 10.52500054 2 P 0
L 153.89999954 7.82500086 155.39999908 7.82500086 2 P 0
L 153.89999954 10.52500054 155.39999908 10.52500054 2 P 0
L 154.11900088 42.05000226 154.11900088 43.5500018 2 P 0
L 154.11900088 42.05000226 156.81900056 42.05000226 2 P 0
L 154.11900088 43.5500018 156.81900056 43.5500018 2 P 0
L 154.17500026 9.1750007 155.12499836 9.1750007 1 P 0
L 154.65000058 8.70000038 154.65000058 9.65000102 1 P 0
L 154.9940004 42.80000076 155.94400104 42.80000076 1 P 0
L 155.39999908 7.82500086 155.39999908 10.52500054 2 P 0
L 155.46900072 42.32500298 155.46900072 43.27500108 1 P 0
L 156.81900056 42.05000226 156.81900056 43.5500018 2 P 0
L 158.88999464 4.76000318 158.88999464 14.41200318 0 P 0
L 158.88999464 4.76000318 169.17699464 4.76000318 0 P 0
L 158.88999464 14.41200318 169.17699464 14.41200318 0 P 0
L 159.08999424 16.56000244 159.08999424 26.21200244 0 P 0
L 159.08999424 16.56000244 169.37699424 16.56000244 0 P 0
L 159.08999424 26.21200244 169.37699424 26.21200244 0 P 0
L 159.08999424 26.56000276 159.08999424 36.21200276 0 P 0
L 159.08999424 26.56000276 169.37699424 26.56000276 0 P 0
L 159.08999424 36.21200276 169.37699424 36.21200276 0 P 0
L 159.08999424 36.56000308 159.08999424 46.21200308 0 P 0
L 159.08999424 36.56000308 169.37699424 36.56000308 0 P 0
L 159.08999424 46.21200308 169.37699424 46.21200308 0 P 0
L 159.08999424 46.5600034 159.08999424 56.2120034 0 P 0
L 159.08999424 46.5600034 169.37699424 46.5600034 0 P 0
L 159.08999424 56.2120034 169.37699424 56.2120034 0 P 0
L 163.46199464 9.58600318 164.73199464 9.58600318 0 P 0
L 163.66199424 21.38600244 164.93199424 21.38600244 0 P 0
L 163.66199424 31.38600276 164.93199424 31.38600276 0 P 0
L 163.66199424 41.38600308 164.93199424 41.38600308 0 P 0
L 163.66199424 51.3860034 164.93199424 51.3860034 0 P 0
L 164.09699464 8.95100318 164.09699464 10.22100318 0 P 0
L 164.29699424 20.75100244 164.29699424 22.02100244 0 P 0
L 164.29699424 30.75100276 164.29699424 32.02100276 0 P 0
L 164.29699424 40.75100308 164.29699424 42.02100308 0 P 0
L 164.29699424 50.7510034 164.29699424 52.0210034 0 P 0
L 169.17699464 4.76000318 169.17699464 14.41200318 0 P 0
L 169.37699424 16.56000244 169.37699424 26.21200244 0 P 0
L 169.37699424 26.56000276 169.37699424 36.21200276 0 P 0
L 169.37699424 36.56000308 169.37699424 46.21200308 0 P 0
L 169.37699424 46.5600034 169.37699424 56.2120034 0 P 0
L 173.01800042 46.77899966 173.01800042 56.43099966 0 P 0
L 173.01800042 46.77899966 183.30500042 46.77899966 0 P 0
L 173.01800042 56.43099966 183.30500042 56.43099966 0 P 0
L 173.1199992 3.07399944 173.1199992 12.72599944 0 P 0
L 173.1199992 3.07399944 183.4069992 3.07399944 0 P 0
L 173.1199992 12.72599944 183.4069992 12.72599944 0 P 0
L 173.1199992 14.1740001 173.1199992 23.8260001 0 P 0
L 173.1199992 14.1740001 183.4069992 14.1740001 0 P 0
L 173.1199992 23.8260001 183.4069992 23.8260001 0 P 0
L 173.1199992 25.17400096 173.1199992 34.82600096 0 P 0
L 173.1199992 25.17400096 183.4069992 25.17400096 0 P 0
L 173.1199992 34.82600096 183.4069992 34.82600096 0 P 0
L 173.1199992 36.17399928 173.1199992 45.82599928 0 P 0
L 173.1199992 36.17399928 183.4069992 36.17399928 0 P 0
L 173.1199992 45.82599928 183.4069992 45.82599928 0 P 0
L 177.46300042 51.60499966 178.73300042 51.60499966 0 P 0
L 177.5649992 7.89999944 178.8349992 7.89999944 0 P 0
L 177.5649992 19.0000001 178.8349992 19.0000001 0 P 0
L 177.5649992 30.00000096 178.8349992 30.00000096 0 P 0
L 177.5649992 40.99999928 178.8349992 40.99999928 0 P 0
L 178.09800042 50.96999966 178.09800042 52.23999966 0 P 0
L 178.1999992 7.26499944 178.1999992 8.53499944 0 P 0
L 178.1999992 18.3650001 178.1999992 19.6350001 0 P 0
L 178.1999992 29.36500096 178.1999992 30.63500096 0 P 0
L 178.1999992 40.36499928 178.1999992 41.63499928 0 P 0
L 183.30500042 46.77899966 183.30500042 56.43099966 0 P 0
L 183.4069992 3.07399944 183.4069992 12.72599944 0 P 0
L 183.4069992 14.1740001 183.4069992 23.8260001 0 P 0
L 183.4069992 25.17400096 183.4069992 34.82600096 0 P 0
L 183.4069992 36.17399928 183.4069992 45.82599928 0 P 0
L 183.9500004 37.3000016 183.9500004 40.30000068 2 P 0
L 183.9500004 37.3000016 185.65000208 37.3000016 2 P 0
L 183.9500004 40.30000068 185.65000208 40.30000068 2 P 0
L 184.30500096 38.80000114 185.29500152 38.80000114 1 P 0
L 184.649999 48.24999748 184.649999 50.9499997 2 P 0
L 184.649999 48.24999748 186.14999854 48.24999748 2 P 0
L 184.649999 50.9499997 186.14999854 50.9499997 2 P 0
L 184.80000124 38.30500086 184.80000124 39.29500142 1 P 0
L 184.92499972 49.59999986 185.87500036 49.59999986 1 P 0
L 185.40000004 49.12499954 185.40000004 50.07499764 1 P 0
L 185.65000208 37.3000016 185.65000208 40.30000068 2 P 0
L 185.95000148 39.05000064 185.95000148 41.75000286 2 P 0
L 185.95000148 39.05000064 187.45000102 39.05000064 2 P 0
L 185.95000148 41.75000286 187.45000102 41.75000286 2 P 0
L 186.04999874 4.35000146 186.04999874 5.850001 2 P 0
L 186.04999874 4.35000146 188.75000096 4.35000146 2 P 0
L 186.04999874 5.850001 188.75000096 5.850001 2 P 0
L 186.14999854 48.24999748 186.14999854 50.9499997 2 P 0
L 186.22499966 40.40000048 187.1750003 40.40000048 1 P 0
L 186.69999998 39.9250027 186.69999998 40.8750008 1 P 0
L 186.74999988 49.69999966 186.74999988 52.69999874 2 P 0
L 186.74999988 49.69999966 188.45000156 49.69999966 2 P 0
L 186.74999988 52.69999874 188.45000156 52.69999874 2 P 0
L 186.9250008 5.09999996 187.8749989 5.09999996 1 P 0
L 187.10500044 51.1999992 188.095001 51.1999992 1 P 0
L 187.40000112 4.62499964 187.40000112 5.57500028 1 P 0
L 187.45000102 39.05000064 187.45000102 41.75000286 2 P 0
L 187.60000072 50.70499892 187.60000072 51.69499948 1 P 0
L 187.85000022 30.54999732 187.85000022 33.24999954 2 P 0
L 187.85000022 30.54999732 189.34999976 30.54999732 2 P 0
L 187.85000022 33.24999954 189.34999976 33.24999954 2 P 0
L 188.04999982 37.24999916 188.04999982 39.94999884 2 P 0
L 188.04999982 37.24999916 189.54999936 37.24999916 2 P 0
L 188.04999982 39.94999884 189.54999936 39.94999884 2 P 0
L 188.12500094 31.8999997 189.07500158 31.8999997 1 P 0
L 188.32500054 38.599999 189.27499864 38.599999 1 P 0
L 188.45000156 49.69999966 188.45000156 52.69999874 2 P 0
L 188.60000126 31.42499938 188.60000126 32.37499748 1 P 0
L 188.75000096 4.35000146 188.75000096 5.850001 2 P 0
L 188.80000086 38.12499868 188.80000086 39.07499932 1 P 0
L 189.34999976 7.15000094 189.34999976 9.85000062 2 P 0
L 189.34999976 7.15000094 190.8499993 7.15000094 2 P 0
L 189.34999976 9.85000062 190.8499993 9.85000062 2 P 0
L 189.34999976 30.54999732 189.34999976 33.24999954 2 P 0
L 189.54999936 37.24999916 189.54999936 39.94999884 2 P 0
L 189.62500048 8.50000078 190.57499858 8.50000078 1 P 0
L 189.64999916 29.00000042 189.64999916 31.9999995 2 P 0
L 189.64999916 29.00000042 191.35000084 29.00000042 2 P 0
L 189.64999916 31.9999995 191.35000084 31.9999995 2 P 0
L 190.00499972 30.49999996 190.99500028 30.49999996 1 P 0
L 190.1000008 8.02500046 190.1000008 8.9750011 1 P 0
L 190.14999816 17.6249965 190.14999816 20.32499872 2 P 0
L 190.14999816 17.6249965 191.6499977 17.6249965 2 P 0
L 190.14999816 20.32499872 191.6499977 20.32499872 2 P 0
L 190.42499888 18.97499888 191.37499952 18.97499888 1 P 0
L 190.5 30.00499968 190.5 30.99500024 1 P 0
L 190.6999996 4.14999932 190.6999996 5.850001 2 P 0
L 190.6999996 4.14999932 193.69999868 4.14999932 2 P 0
L 190.6999996 5.850001 193.69999868 5.850001 2 P 0
L 190.8499993 7.15000094 190.8499993 9.85000062 2 P 0
L 190.8999992 18.49999856 190.8999992 19.44999666 1 P 0
L 191.35000084 29.00000042 191.35000084 31.9999995 2 P 0
L 191.6499977 17.6249965 191.6499977 20.32499872 2 P 0
L 191.70499886 5.00000016 192.69499942 5.00000016 1 P 0
L 191.84999984 29.05000032 191.84999984 31.75 2 P 0
L 191.84999984 29.05000032 193.34999938 29.05000032 2 P 0
L 191.84999984 31.75 193.34999938 31.75 2 P 0
L 192.12500056 30.40000016 193.07499866 30.40000016 1 P 0
L 192.19999914 4.50499988 192.19999914 5.49500044 1 P 0
L 192.2499965 17.27499974 192.2499965 20.27499882 2 P 0
L 192.2499965 17.27499974 193.94999818 17.27499974 2 P 0
L 192.2499965 20.27499882 193.94999818 20.27499882 2 P 0
L 192.60000088 29.92499984 192.60000088 30.87500048 1 P 0
L 192.60499706 18.77499928 193.59499762 18.77499928 1 P 0
L 193.09999734 18.279999 193.09999734 19.26999956 1 P 0
L 193.34999938 29.05000032 193.34999938 31.75 2 P 0
L 193.69999868 4.14999932 193.69999868 5.850001 2 P 0
L 193.94999818 17.27499974 193.94999818 20.27499882 2 P 0
L 194.15000032 15.8250001 194.15000032 18.52499978 2 P 0
L 194.15000032 15.8250001 195.64999986 15.8250001 2 P 0
L 194.15000032 18.52499978 195.64999986 18.52499978 2 P 0
L 194.42500104 17.17499994 195.37499914 17.17499994 1 P 0
L 194.45000226 49.94999916 194.45000226 52.64999884 2 P 0
L 194.45000226 49.94999916 195.9500018 49.94999916 2 P 0
L 194.45000226 52.64999884 195.9500018 52.64999884 2 P 0
L 194.72500298 51.299999 195.67500108 51.299999 1 P 0
L 194.89999882 16.69999962 194.89999882 17.65000026 1 P 0
L 195.20000076 50.82499868 195.20000076 51.77499932 1 P 0
L 195.64999986 15.8250001 195.64999986 18.52499978 2 P 0
L 195.9500018 49.94999916 195.9500018 52.64999884 2 P 0
L 196.49300046 3.17399924 196.49300046 12.82599924 0 P 0
L 196.49300046 3.17399924 206.78000046 3.17399924 0 P 0
L 196.49300046 12.82599924 206.78000046 12.82599924 0 P 0
L 196.49300046 14.1740001 196.49300046 23.8260001 0 P 0
L 196.49300046 14.1740001 206.78000046 14.1740001 0 P 0
L 196.49300046 23.8260001 206.78000046 23.8260001 0 P 0
L 196.49300046 25.17400096 196.49300046 34.82600096 0 P 0
L 196.49300046 25.17400096 206.78000046 25.17400096 0 P 0
L 196.49300046 34.82600096 206.78000046 34.82600096 0 P 0
L 196.49300046 36.17399928 196.49300046 45.82599928 0 P 0
L 196.49300046 36.17399928 206.78000046 36.17399928 0 P 0
L 196.49300046 45.82599928 206.78000046 45.82599928 0 P 0
L 196.49499944 46.77899966 196.49499944 56.43099966 0 P 0
L 196.49499944 46.77899966 206.78199944 46.77899966 0 P 0
L 196.49499944 56.43099966 206.78199944 56.43099966 0 P 0
L 201.06500046 7.99999924 202.33500046 7.99999924 0 P 0
L 201.06500046 19.0000001 202.33500046 19.0000001 0 P 0
L 201.06500046 30.00000096 202.33500046 30.00000096 0 P 0
L 201.06500046 40.99999928 202.33500046 40.99999928 0 P 0
L 201.06699944 51.60499966 202.33699944 51.60499966 0 P 0
L 201.70000046 7.36499924 201.70000046 8.63499924 0 P 0
L 201.70000046 18.3650001 201.70000046 19.6350001 0 P 0
L 201.70000046 29.36500096 201.70000046 30.63500096 0 P 0
L 201.70000046 40.36499928 201.70000046 41.63499928 0 P 0
L 201.70199944 50.96999966 201.70199944 52.23999966 0 P 0
L 206.78000046 3.17399924 206.78000046 12.82599924 0 P 0
L 206.78000046 14.1740001 206.78000046 23.8260001 0 P 0
L 206.78000046 25.17400096 206.78000046 34.82600096 0 P 0
L 206.78000046 36.17399928 206.78000046 45.82599928 0 P 0
L 206.78199944 46.77899966 206.78199944 56.43099966 0 P 0
