UNITS=MM
#Layer_Color=32768
#
#Feature symbol names
#
$0 r199.9996
$1 r99.9998
$2 r49.9999

#
#Feature attribute names
#

#
#Layer features
#
L 3.0510226 6.77499534 3.0510226 16.42699534 0 P 0
L 3.0510226 6.77499534 13.3380226 6.77499534 0 P 0
L 3.0510226 16.42699534 13.3380226 16.42699534 0 P 0
L 3.3140142 16.87901374 3.3140142 26.53101374 0 P 0
L 3.3140142 16.87901374 13.6010142 16.87901374 0 P 0
L 3.3140142 26.53101374 13.6010142 26.53101374 0 P 0
L 3.4389822 26.97901894 3.4389822 36.63101894 0 P 0
L 3.4389822 26.97901894 13.7259822 26.97901894 0 P 0
L 3.4389822 36.63101894 13.7259822 36.63101894 0 P 0
L 3.4510218 37.27501054 3.4510218 46.92701054 0 P 0
L 3.4510218 37.27501054 13.7380218 37.27501054 0 P 0
L 3.4510218 46.92701054 13.7380218 46.92701054 0 P 0
L 3.6459922 47.22302214 3.6459922 56.87502214 0 P 0
L 3.6459922 47.22302214 13.9329922 47.22302214 0 P 0
L 3.6459922 56.87502214 13.9329922 56.87502214 0 P 0
L 7.4960226 11.60099534 8.7660226 11.60099534 0 P 0
L 7.7590142 21.70501374 9.0290142 21.70501374 0 P 0
L 7.8839822 31.80501894 9.1539822 31.80501894 0 P 0
L 7.8960218 42.10101054 9.1660218 42.10101054 0 P 0
L 8.0909922 52.04902214 9.3609922 52.04902214 0 P 0
L 8.1310226 10.96599534 8.1310226 12.23599534 0 P 0
L 8.3940142 21.07001374 8.3940142 22.34001374 0 P 0
L 8.5189822 31.17001894 8.5189822 32.44001894 0 P 0
L 8.5310218 41.46601054 8.5310218 42.73601054 0 P 0
L 8.7259922 51.41402214 8.7259922 52.68402214 0 P 0
L 13.3380226 6.77499534 13.3380226 16.42699534 0 P 0
L 13.6010142 16.87901374 13.6010142 26.53101374 0 P 0
L 13.7259822 26.97901894 13.7259822 36.63101894 0 P 0
L 13.7380218 37.27501054 13.7380218 46.92701054 0 P 0
L 13.9329922 47.22302214 13.9329922 56.87502214 0 P 0
L 15.5370022 11.14597974 15.5370022 12.84600174 2 P 0
L 15.5370022 11.14597974 18.5369962 11.14597974 2 P 0
L 15.5370022 12.84600174 18.5369962 12.84600174 2 P 0
L 15.7999938 21.24999814 15.7999938 22.95002014 2 P 0
L 15.7999938 21.24999814 18.7999878 21.24999814 2 P 0
L 15.7999938 22.95002014 18.7999878 22.95002014 2 P 0
L 16.5419786 11.99601614 17.5320198 11.99601614 1 P 0
L 16.805021 22.09998374 17.7950114 22.09998374 1 P 0
L 17.0369738 11.50102094 17.0369738 12.49101134 1 P 0
L 17.3000162 21.60498854 17.3000162 22.59497894 1 P 0
L 17.4680118 31.40598494 17.4680118 33.10600694 2 P 0
L 17.4680118 31.40598494 20.4680058 31.40598494 2 P 0
L 17.4680118 33.10600694 20.4680058 33.10600694 2 P 0
L 17.4800006 41.70197654 17.4800006 43.40199854 2 P 0
L 17.4800006 41.70197654 20.4799946 41.70197654 2 P 0
L 17.4800006 43.40199854 20.4799946 43.40199854 2 P 0
L 17.6750218 51.64998814 17.6750218 53.35001014 2 P 0
L 17.6750218 51.64998814 20.6750158 51.64998814 2 P 0
L 17.6750218 53.35001014 20.6750158 53.35001014 2 P 0
L 18.4729882 32.25602134 19.4629786 32.25602134 1 P 0
L 18.484977 42.55201294 19.4750182 42.55201294 1 P 0
L 18.5369962 11.14597974 18.5369962 12.84600174 2 P 0
L 18.6799982 52.50002454 19.6699886 52.50002454 1 P 0
L 18.7999878 21.24999814 18.7999878 22.95002014 2 P 0
L 18.9679834 31.76097534 18.9679834 32.75101654 1 P 0
L 18.980023 42.05701774 18.980023 43.04700814 1 P 0
L 19.1749934 52.00497854 19.1749934 52.99501974 1 P 0
L 20.1549762 10.15202694 20.1549762 12.85199614 2 P 0
L 20.1549762 10.15202694 21.6549986 10.15202694 2 P 0
L 20.1549762 12.85199614 21.6549986 12.85199614 2 P 0
L 20.4180186 20.25599454 20.4180186 22.95601454 2 P 0
L 20.4180186 20.25599454 21.9179902 20.25599454 2 P 0
L 20.4180186 22.95601454 21.9179902 22.95601454 2 P 0
L 20.4300074 11.50198614 21.3800182 11.50198614 1 P 0
L 20.4680058 31.40598494 20.4680058 33.10600694 2 P 0
L 20.4799946 41.70197654 20.4799946 43.40199854 2 P 0
L 20.5429866 30.35599974 20.5429866 33.05601974 2 P 0
L 20.5429866 30.35599974 22.043009 30.35599974 2 P 0
L 20.5429866 33.05601974 22.043009 33.05601974 2 P 0
L 20.5550262 40.65199134 20.5550262 43.35201134 2 P 0
L 20.5550262 40.65199134 22.0549978 40.65199134 2 P 0
L 20.5550262 43.35201134 22.0549978 43.35201134 2 P 0
L 20.6750158 51.64998814 20.6750158 53.35001014 2 P 0
L 20.692999 21.60600454 21.6430098 21.60600454 1 P 0
L 20.7499966 50.60000294 20.7499966 53.30002294 2 P 0
L 20.7499966 50.60000294 22.250019 50.60000294 2 P 0
L 20.7499966 53.30002294 22.250019 53.30002294 2 P 0
L 20.8180178 31.70600974 21.7680286 31.70600974 1 P 0
L 20.8300066 42.00200134 21.7800174 42.00200134 1 P 0
L 20.9049874 11.02700614 20.9049874 11.97701694 1 P 0
L 21.0250278 51.95001294 21.9749878 51.95001294 1 P 0
L 21.167979 21.13102454 21.167979 22.08098454 1 P 0
L 21.2929978 31.23097894 21.2929978 32.18098974 1 P 0
L 21.3049866 41.52702134 21.3049866 42.47698134 1 P 0
L 21.5000078 51.47498214 21.5000078 52.42499294 1 P 0
L 21.6549986 10.15202694 21.6549986 12.85199614 2 P 0
L 21.9179902 20.25599454 21.9179902 22.95601454 2 P 0
L 22.0050106 41.70197654 22.0050106 43.40199854 2 P 0
L 22.0050106 41.70197654 25.0050046 41.70197654 2 P 0
L 22.0050106 43.40199854 25.0050046 43.40199854 2 P 0
L 22.043009 30.35599974 22.043009 33.05601974 2 P 0
L 22.0549978 40.65199134 22.0549978 43.35201134 2 P 0
L 22.199981 51.64998814 22.199981 53.35001014 2 P 0
L 22.199981 51.64998814 25.2000258 51.64998814 2 P 0
L 22.199981 53.35001014 25.2000258 53.35001014 2 P 0
L 22.250019 50.60000294 22.250019 53.30002294 2 P 0
L 23.009987 42.55201294 23.9999774 42.55201294 1 P 0
L 23.2050082 52.50002454 24.1949986 52.50002454 1 P 0
L 23.5049822 42.05701774 23.5049822 43.04700814 1 P 0
L 23.7000034 52.00497854 23.7000034 52.99501974 1 P 0
L 25.0050046 41.70197654 25.0050046 43.40199854 2 P 0
L 25.2000258 51.64998814 25.2000258 53.35001014 2 P 0
L 25.9749798 21.24999814 25.9749798 22.95002014 2 P 0
L 25.9749798 21.24999814 28.9750246 21.24999814 2 P 0
L 25.9749798 22.95002014 28.9750246 22.95002014 2 P 0
L 26.0999986 31.35000334 26.0999986 33.05002534 2 P 0
L 26.0999986 31.35000334 29.0999926 31.35000334 2 P 0
L 26.0999986 33.05002534 29.0999926 33.05002534 2 P 0
L 26.980007 22.09998374 27.9699974 22.09998374 1 P 0
L 27.1050258 32.19998894 28.0950162 32.19998894 1 P 0
L 27.4750022 21.60498854 27.4750022 22.59497894 1 P 0
L 27.600021 31.70499374 27.600021 32.69498414 1 P 0
L 28.899993 12.25001614 28.899993 13.94998734 2 P 0
L 28.899993 12.25001614 31.899987 12.25001614 2 P 0
L 28.899993 13.94998734 31.899987 13.94998734 2 P 0
L 28.9750246 21.24999814 28.9750246 22.95002014 2 P 0
L 29.0999926 31.35000334 29.0999926 33.05002534 2 P 0
L 29.9050202 13.10000174 30.8950106 13.10000174 1 P 0
L 30.4000154 12.60500654 30.4000154 13.59499694 1 P 0
L 31.899987 12.25001614 31.899987 13.94998734 2 P 0
L 32.3479922 6.57601174 32.3479922 16.22801174 0 P 0
L 32.3479922 6.57601174 42.6349922 6.57601174 0 P 0
L 32.3479922 16.22801174 42.6349922 16.22801174 0 P 0
L 32.6109838 16.67997934 32.6109838 26.33197934 0 P 0
L 32.6109838 16.67997934 42.8979838 16.67997934 0 P 0
L 32.6109838 26.33197934 42.8979838 26.33197934 0 P 0
L 32.7360026 26.77998454 32.7360026 36.43198454 0 P 0
L 32.7360026 26.77998454 43.0230026 26.77998454 0 P 0
L 32.7360026 36.43198454 43.0230026 36.43198454 0 P 0
L 32.7479914 37.07602694 32.7479914 46.72802694 0 P 0
L 32.7479914 37.07602694 43.0349914 37.07602694 0 P 0
L 32.7479914 46.72802694 43.0349914 46.72802694 0 P 0
L 32.9430126 47.02398774 32.9430126 56.67598774 0 P 0
L 32.9430126 47.02398774 43.2300126 47.02398774 0 P 0
L 32.9430126 56.67598774 43.2300126 56.67598774 0 P 0
L 36.9199922 11.40201174 38.1899922 11.40201174 0 P 0
L 37.1829838 21.50597934 38.4529838 21.50597934 0 P 0
L 37.3080026 31.60598454 38.5780026 31.60598454 0 P 0
L 37.3199914 41.90202694 38.5899914 41.90202694 0 P 0
L 37.5150126 51.84998774 38.7850126 51.84998774 0 P 0
L 37.5549922 10.76701174 37.5549922 12.03701174 0 P 0
L 37.8179838 20.87097934 37.8179838 22.14097934 0 P 0
L 37.9430026 30.97098454 37.9430026 32.24098454 0 P 0
L 37.9549914 41.26702694 37.9549914 42.53702694 0 P 0
L 38.1500126 51.21498774 38.1500126 52.48498774 0 P 0
L 42.6349922 6.57601174 42.6349922 16.22801174 0 P 0
L 42.8979838 16.67997934 42.8979838 26.33197934 0 P 0
L 43.0230026 26.77998454 43.0230026 36.43198454 0 P 0
L 43.0349914 37.07602694 43.0349914 46.72802694 0 P 0
L 43.2300126 47.02398774 43.2300126 56.67598774 0 P 0
L 45.5960226 37.72301574 45.5960226 47.37501574 0 P 0
L 45.5960226 37.72301574 55.8830226 37.72301574 0 P 0
L 45.5960226 47.37501574 55.8830226 47.37501574 0 P 0
L 45.6509882 5.77301614 45.6509882 15.42501614 0 P 0
L 45.6509882 5.77301614 55.9379882 5.77301614 0 P 0
L 45.6509882 15.42501614 55.9379882 15.42501614 0 P 0
L 45.6509882 16.52300734 45.6509882 26.17500734 0 P 0
L 45.6509882 16.52300734 55.9379882 16.52300734 0 P 0
L 45.6509882 26.17500734 55.9379882 26.17500734 0 P 0
L 45.6509882 27.52298534 45.6509882 37.17498534 0 P 0
L 45.6509882 27.52298534 55.9379882 27.52298534 0 P 0
L 45.6509882 37.17498534 55.9379882 37.17498534 0 P 0
L 45.8509878 48.64801294 45.8509878 58.30001294 0 P 0
L 45.8509878 48.64801294 56.1379878 48.64801294 0 P 0
L 45.8509878 58.30001294 56.1379878 58.30001294 0 P 0
L 50.0410226 42.54901574 51.3110226 42.54901574 0 P 0
L 50.0959882 10.59901614 51.3659882 10.59901614 0 P 0
L 50.0959882 21.34900734 51.3659882 21.34900734 0 P 0
L 50.0959882 32.34898534 51.3659882 32.34898534 0 P 0
L 50.2959878 53.47401294 51.5659878 53.47401294 0 P 0
L 50.6760226 41.91401574 50.6760226 43.18401574 0 P 0
L 50.7309882 9.96401614 50.7309882 11.23401614 0 P 0
L 50.7309882 20.71400734 50.7309882 21.98400734 0 P 0
L 50.7309882 31.71398534 50.7309882 32.98398534 0 P 0
L 50.9309878 52.83901294 50.9309878 54.10901294 0 P 0
L 55.8830226 37.72301574 55.8830226 47.37501574 0 P 0
L 55.9379882 5.77301614 55.9379882 15.42501614 0 P 0
L 55.9379882 16.52300734 55.9379882 26.17500734 0 P 0
L 55.9379882 27.52298534 55.9379882 37.17498534 0 P 0
L 56.1379878 48.64801294 56.1379878 58.30001294 0 P 0
L 58.1500234 10.62502574 58.1500234 13.62501974 2 P 0
L 58.1500234 10.62502574 59.8499946 10.62502574 2 P 0
L 58.1500234 13.62501974 59.8499946 13.62501974 2 P 0
L 58.1500234 21.37501694 58.1500234 24.37501094 2 P 0
L 58.1500234 21.37501694 59.8499946 21.37501694 2 P 0
L 58.1500234 24.37501094 59.8499946 24.37501094 2 P 0
L 58.1500234 32.37499494 58.1500234 35.37498894 2 P 0
L 58.1500234 32.37499494 59.8499946 32.37499494 2 P 0
L 58.1500234 35.37498894 59.8499946 35.37498894 2 P 0
L 58.5050138 12.12499734 59.4950042 12.12499734 1 P 0
L 58.5050138 22.87498854 59.4950042 22.87498854 1 P 0
L 58.5050138 33.87501734 59.4950042 33.87501734 1 P 0
L 59.000009 11.63000214 59.000009 12.61999254 1 P 0
L 59.000009 22.37999334 59.000009 23.36998374 1 P 0
L 59.000009 33.38002214 59.000009 34.37001254 1 P 0
L 59.6250014 42.14998174 59.6250014 43.85000374 2 P 0
L 59.6250014 42.14998174 62.6249954 42.14998174 2 P 0
L 59.6250014 43.85000374 62.6249954 43.85000374 2 P 0
L 59.8499946 10.62502574 59.8499946 13.62501974 2 P 0
L 59.8499946 21.37501694 59.8499946 24.37501094 2 P 0
L 59.8499946 32.37499494 59.8499946 35.37498894 2 P 0
L 59.8800174 53.07497894 59.8800174 54.77500094 2 P 0
L 59.8800174 53.07497894 62.8800114 53.07497894 2 P 0
L 59.8800174 54.77500094 62.8800114 54.77500094 2 P 0
L 60.6299778 43.00001814 61.620019 43.00001814 1 P 0
L 60.8849938 53.92501534 61.8749842 53.92501534 1 P 0
L 61.1250238 42.50502294 61.1250238 43.49501334 1 P 0
L 61.379989 53.43002014 61.379989 54.42001054 1 P 0
L 62.6249954 42.14998174 62.6249954 43.85000374 2 P 0
L 62.6949978 42.26702494 62.6949978 44.96699414 2 P 0
L 62.6949978 42.26702494 64.1950202 42.26702494 2 P 0
L 62.6949978 44.96699414 64.1950202 44.96699414 2 P 0
L 62.7500142 10.31697454 62.7500142 13.01699454 2 P 0
L 62.7500142 10.31697454 64.2499858 10.31697454 2 P 0
L 62.7500142 13.01699454 64.2499858 13.01699454 2 P 0
L 62.7500142 21.06701654 62.7500142 23.76698574 2 P 0
L 62.7500142 21.06701654 64.2499858 21.06701654 2 P 0
L 62.7500142 23.76698574 64.2499858 23.76698574 2 P 0
L 62.7500142 32.06699454 62.7500142 34.76701454 2 P 0
L 62.7500142 32.06699454 64.2499858 32.06699454 2 P 0
L 62.7500142 34.76701454 64.2499858 34.76701454 2 P 0
L 62.8800114 53.07497894 62.8800114 54.77500094 2 P 0
L 62.9549922 52.02499374 62.9549922 54.72501374 2 P 0
L 62.9549922 52.02499374 64.4550146 52.02499374 2 P 0
L 62.9549922 54.72501374 64.4550146 54.72501374 2 P 0
L 62.970029 43.61698414 63.919989 43.61698414 1 P 0
L 63.0249946 11.66698454 63.9750054 11.66698454 1 P 0
L 63.0249946 22.41697574 63.9750054 22.41697574 1 P 0
L 63.0249946 33.41700454 63.9750054 33.41700454 1 P 0
L 63.2300234 53.37500374 64.1799834 53.37500374 1 P 0
L 63.445009 43.14200414 63.445009 44.09201494 1 P 0
L 63.5000254 11.19200454 63.5000254 12.14201534 1 P 0
L 63.5000254 21.94199574 63.5000254 22.89200654 1 P 0
L 63.5000254 32.94197374 63.5000254 33.89198454 1 P 0
L 63.7050034 52.90002374 63.7050034 53.84998374 1 P 0
L 64.1500114 42.14998174 64.1500114 43.85000374 2 P 0
L 64.1500114 42.14998174 67.1500054 42.14998174 2 P 0
L 64.1500114 43.85000374 67.1500054 43.85000374 2 P 0
L 64.1950202 42.26702494 64.1950202 44.96699414 2 P 0
L 64.204977 31.95000214 64.204977 33.65002414 2 P 0
L 64.204977 31.95000214 67.2050218 31.95000214 2 P 0
L 64.204977 33.65002414 67.2050218 33.65002414 2 P 0
L 64.2499858 10.31697454 64.2499858 13.01699454 2 P 0
L 64.2499858 21.06701654 64.2499858 23.76698574 2 P 0
L 64.2499858 32.06699454 64.2499858 34.76701454 2 P 0
L 64.4049766 53.07497894 64.4049766 54.77500094 2 P 0
L 64.4049766 53.07497894 67.4050214 53.07497894 2 P 0
L 64.4049766 54.77500094 67.4050214 54.77500094 2 P 0
L 64.4550146 52.02499374 64.4550146 54.72501374 2 P 0
L 65.1549878 43.00001814 66.1449782 43.00001814 1 P 0
L 65.2100042 32.79998774 66.1999946 32.79998774 1 P 0
L 65.4100038 53.92501534 66.3999942 53.92501534 1 P 0
L 65.649983 42.50502294 65.649983 43.49501334 1 P 0
L 65.7049994 32.30499254 65.7049994 33.29498294 1 P 0
L 65.904999 53.43002014 65.904999 54.42001054 1 P 0
L 67.1500054 42.14998174 67.1500054 43.85000374 2 P 0
L 67.2050218 31.95000214 67.2050218 33.65002414 2 P 0
L 67.4050214 53.07497894 67.4050214 54.77500094 2 P 0
L 69.7549786 10.22497574 69.7549786 13.22502054 2 P 0
L 69.7549786 10.22497574 71.4550006 10.22497574 2 P 0
L 69.7549786 13.22502054 71.4550006 13.22502054 2 P 0
L 69.7549786 20.97501774 69.7549786 23.97501174 2 P 0
L 69.7549786 20.97501774 71.4550006 20.97501774 2 P 0
L 69.7549786 23.97501174 71.4550006 23.97501174 2 P 0
L 70.1100198 11.72499814 71.1000102 11.72499814 1 P 0
L 70.1100198 22.47498934 71.1000102 22.47498934 1 P 0
L 70.605015 11.23000294 70.605015 12.21999334 1 P 0
L 70.605015 21.97999414 70.605015 22.96998454 1 P 0
L 71.4550006 10.22497574 71.4550006 13.22502054 2 P 0
L 71.4550006 20.97501774 71.4550006 23.97501174 2 P 0
L 74.8929922 37.52398134 74.8929922 47.17598134 0 P 0
L 74.8929922 37.52398134 85.1799922 37.52398134 0 P 0
L 74.8929922 47.17598134 85.1799922 47.17598134 0 P 0
L 74.9480086 5.57398174 74.9480086 15.22598174 0 P 0
L 74.9480086 5.57398174 85.2350086 5.57398174 0 P 0
L 74.9480086 15.22598174 85.2350086 15.22598174 0 P 0
L 74.9480086 16.32402374 74.9480086 25.97602374 0 P 0
L 74.9480086 16.32402374 85.2350086 16.32402374 0 P 0
L 74.9480086 25.97602374 85.2350086 25.97602374 0 P 0
L 74.9480086 27.32400174 74.9480086 36.97600174 0 P 0
L 74.9480086 27.32400174 85.2350086 27.32400174 0 P 0
L 74.9480086 36.97600174 85.2350086 36.97600174 0 P 0
L 75.1480082 48.44897854 75.1480082 58.10097854 0 P 0
L 75.1480082 48.44897854 85.4350082 48.44897854 0 P 0
L 75.1480082 58.10097854 85.4350082 58.10097854 0 P 0
L 79.4649922 42.34998134 80.7349922 42.34998134 0 P 0
L 79.5200086 10.39998174 80.7900086 10.39998174 0 P 0
L 79.5200086 21.15002374 80.7900086 21.15002374 0 P 0
L 79.5200086 32.15000174 80.7900086 32.15000174 0 P 0
L 79.7200082 53.27497854 80.9900082 53.27497854 0 P 0
L 80.0999922 41.71498134 80.0999922 42.98498134 0 P 0
L 80.1550086 9.76498174 80.1550086 11.03498174 0 P 0
L 80.1550086 20.51502374 80.1550086 21.78502374 0 P 0
L 80.1550086 31.51500174 80.1550086 32.78500174 0 P 0
L 80.3550082 52.63997854 80.3550082 53.90997854 0 P 0
L 85.1799922 37.52398134 85.1799922 47.17598134 0 P 0
L 85.2350086 5.57398174 85.2350086 15.22598174 0 P 0
L 85.2350086 16.32402374 85.2350086 25.97602374 0 P 0
L 85.2350086 27.32400174 85.2350086 36.97600174 0 P 0
L 85.4350082 48.44897854 85.4350082 58.10097854 0 P 0
L 88.350979 27.60599254 88.350979 37.25799254 0 P 0
L 88.350979 27.60599254 98.637979 27.60599254 0 P 0
L 88.350979 37.14801054 88.350979 46.80001054 0 P 0
L 88.350979 37.14801054 98.637979 37.14801054 0 P 0
L 88.350979 37.25799254 98.637979 37.25799254 0 P 0
L 88.350979 46.80001054 98.637979 46.80001054 0 P 0
L 88.4930158 46.99000254 88.4930158 56.64200254 0 P 0
L 88.4930158 46.99000254 98.7800158 46.99000254 0 P 0
L 88.4930158 56.64200254 98.7800158 56.64200254 0 P 0
L 88.8510034 4.95386614 88.8510034 14.60586614 0 P 0
L 88.8510034 4.95386614 99.1380034 4.95386614 0 P 0
L 88.8510034 14.60586614 99.1380034 14.60586614 0 P 0
L 88.8510034 16.95384214 88.8510034 26.60584214 0 P 0
L 88.8510034 16.95384214 99.1380034 16.95384214 0 P 0
L 88.8510034 26.60584214 99.1380034 26.60584214 0 P 0
L 92.795979 32.43199254 94.065979 32.43199254 0 P 0
L 92.795979 41.97401054 94.065979 41.97401054 0 P 0
L 92.9380158 51.81600254 94.2080158 51.81600254 0 P 0
L 93.2960034 9.77986614 94.5660034 9.77986614 0 P 0
L 93.2960034 21.77984214 94.5660034 21.77984214 0 P 0
L 93.430979 31.79699254 93.430979 33.06699254 0 P 0
L 93.430979 41.33901054 93.430979 42.60901054 0 P 0
L 93.5730158 51.18100254 93.5730158 52.45100254 0 P 0
L 93.9310034 9.14486614 93.9310034 10.41486614 0 P 0
L 93.9310034 21.14484214 93.9310034 22.41484214 0 P 0
L 98.637979 27.60599254 98.637979 37.25799254 0 P 0
L 98.637979 37.14801054 98.637979 46.80001054 0 P 0
L 98.7800158 46.99000254 98.7800158 56.64200254 0 P 0
L 99.1380034 4.95386614 99.1380034 14.60586614 0 P 0
L 99.1380034 16.95384214 99.1380034 26.60584214 0 P 0
L 99.3499918 27.90002294 99.3499918 30.90001694 2 P 0
L 99.3499918 27.90002294 101.0500138 27.90002294 2 P 0
L 99.3499918 30.90001694 101.0500138 30.90001694 2 P 0
L 99.7049822 29.39999454 100.6950234 29.39999454 1 P 0
L 99.8500162 5.24784574 99.8500162 8.24783974 2 P 0
L 99.8500162 5.24784574 101.5499874 5.24784574 2 P 0
L 99.8500162 8.24783974 101.5499874 8.24783974 2 P 0
L 99.8500162 17.24782174 99.8500162 20.24781574 2 P 0
L 99.8500162 17.24782174 101.5499874 17.24782174 2 P 0
L 99.8500162 20.24781574 101.5499874 20.24781574 2 P 0
L 100.1999774 28.90499934 100.1999774 29.89498974 1 P 0
L 100.2050066 6.74781734 101.194997 6.74781734 1 P 0
L 100.2050066 18.74784414 101.194997 18.74784414 1 P 0
L 100.7000018 6.25282214 100.7000018 7.24286334 1 P 0
L 100.7000018 18.25284894 100.7000018 19.24283934 1 P 0
L 100.8500142 42.00002014 100.8500142 45.00001414 2 P 0
L 100.8500142 42.00002014 102.5499854 42.00002014 2 P 0
L 100.8500142 45.00001414 102.5499854 45.00001414 2 P 0
L 100.9920002 51.84201214 100.9920002 54.84200614 2 P 0
L 100.9920002 51.84201214 102.6920222 51.84201214 2 P 0
L 100.9920002 54.84200614 102.6920222 54.84200614 2 P 0
L 101.0500138 27.90002294 101.0500138 30.90001694 2 P 0
L 101.2050046 43.49999174 102.194995 43.49999174 1 P 0
L 101.3469906 53.34198374 102.336981 53.34198374 1 P 0
L 101.5499874 5.24784574 101.5499874 8.24783974 2 P 0
L 101.5499874 17.24782174 101.5499874 20.24781574 2 P 0
L 101.6999998 43.00499654 101.6999998 43.99498694 1 P 0
L 101.8419858 52.84698854 101.8419858 53.83697894 1 P 0
L 102.5499854 42.00002014 102.5499854 45.00001414 2 P 0
L 102.6920222 51.84201214 102.6920222 54.84200614 2 P 0
L 105.9080178 28.06598654 105.9080178 30.76600654 2 P 0
L 105.9080178 28.06598654 107.4079894 28.06598654 2 P 0
L 105.9080178 30.76600654 107.4079894 30.76600654 2 P 0
L 105.9080178 37.60800454 105.9080178 40.30802454 2 P 0
L 105.9080178 37.60800454 107.4079894 37.60800454 2 P 0
L 105.9080178 40.30802454 107.4079894 40.30802454 2 P 0
L 106.0500038 47.44999654 106.0500038 50.15001654 2 P 0
L 106.0500038 47.44999654 107.5499754 47.44999654 2 P 0
L 106.0500038 50.15001654 107.5499754 50.15001654 2 P 0
L 106.1829982 29.41599654 107.133009 29.41599654 1 P 0
L 106.1829982 38.95801454 107.133009 38.95801454 1 P 0
L 106.3249842 48.80000654 107.274995 48.80000654 1 P 0
L 106.4079914 5.41386014 106.4079914 8.11382934 2 P 0
L 106.4079914 5.41386014 107.9080138 5.41386014 2 P 0
L 106.4079914 8.11382934 107.9080138 8.11382934 2 P 0
L 106.4079914 17.41383614 106.4079914 20.11385614 2 P 0
L 106.4079914 17.41383614 107.9080138 17.41383614 2 P 0
L 106.4079914 20.11385614 107.9080138 20.11385614 2 P 0
L 106.6579782 28.94101654 106.6579782 29.89102734 1 P 0
L 106.6579782 38.48298374 106.6579782 39.43299454 1 P 0
L 106.6830226 6.76381934 107.6329826 6.76381934 1 P 0
L 106.6830226 18.76384614 107.6329826 18.76384614 1 P 0
L 106.800015 48.32497574 106.800015 49.27498654 1 P 0
L 107.1580026 6.28883934 107.1580026 7.23885014 1 P 0
L 107.1580026 18.28886614 107.1580026 19.23882614 1 P 0
L 107.4079894 28.06598654 107.4079894 30.76600654 2 P 0
L 107.4079894 37.60800454 107.4079894 40.30802454 2 P 0
L 107.5499754 47.44999654 107.5499754 50.15001654 2 P 0
L 107.9080138 5.41386014 107.9080138 8.11382934 2 P 0
L 107.9080138 17.41383614 107.9080138 20.11385614 2 P 0
L 112.5970062 51.44201294 112.5970062 54.44200694 2 P 0
L 112.5970062 51.44201294 114.2969774 51.44201294 2 P 0
L 112.5970062 54.44200694 114.2969774 54.44200694 2 P 0
L 112.9519966 52.94198454 113.941987 52.94198454 1 P 0
L 113.4469918 52.44698934 113.4469918 53.43697974 1 P 0
L 114.2969774 51.44201294 114.2969774 54.44200694 2 P 0
L 115.7500098 31.75797814 115.7500098 34.75802294 2 P 0
L 115.7500098 31.75797814 117.449981 31.75797814 2 P 0
L 115.7500098 34.75802294 117.449981 34.75802294 2 P 0
L 115.7500098 41.29999614 115.7500098 44.29999014 2 P 0
L 115.7500098 41.29999614 117.449981 41.29999614 2 P 0
L 115.7500098 44.29999014 117.449981 44.29999014 2 P 0
L 116.1050002 33.25800054 117.0949906 33.25800054 1 P 0
L 116.1050002 42.80001854 117.0949906 42.80001854 1 P 0
L 116.2499834 9.10585174 116.2499834 12.10584574 2 P 0
L 116.2499834 9.10585174 117.9500054 9.10585174 2 P 0
L 116.2499834 12.10584574 117.9500054 12.10584574 2 P 0
L 116.2499834 21.10582774 116.2499834 24.10582174 2 P 0
L 116.2499834 21.10582774 117.9500054 21.10582774 2 P 0
L 116.2499834 24.10582174 117.9500054 24.10582174 2 P 0
L 116.5999954 32.76300534 116.5999954 33.75299574 1 P 0
L 116.5999954 42.30502334 116.5999954 43.29501374 1 P 0
L 116.6050246 10.60582334 117.595015 10.60582334 1 P 0
L 116.6050246 22.60585014 117.595015 22.60585014 1 P 0
L 117.1000198 10.11082814 117.1000198 11.10081854 1 P 0
L 117.1000198 22.11085494 117.1000198 23.10084534 1 P 0
L 117.449981 31.75797814 117.449981 34.75802294 2 P 0
L 117.449981 41.29999614 117.449981 44.29999014 2 P 0
L 117.6479994 27.40700894 117.6479994 37.05900894 0 P 0
L 117.6479994 27.40700894 127.9349994 27.40700894 0 P 0
L 117.6479994 36.94902694 117.6479994 46.60102694 0 P 0
L 117.6479994 36.94902694 127.9349994 36.94902694 0 P 0
L 117.6479994 37.05900894 127.9349994 37.05900894 0 P 0
L 117.6479994 46.60102694 127.9349994 46.60102694 0 P 0
L 117.7899854 46.79101894 117.7899854 56.44301894 0 P 0
L 117.7899854 46.79101894 128.0769854 46.79101894 0 P 0
L 117.7899854 56.44301894 128.0769854 56.44301894 0 P 0
L 117.9500054 9.10585174 117.9500054 12.10584574 2 P 0
L 117.9500054 21.10582774 117.9500054 24.10582174 2 P 0
L 118.1480238 4.75483174 118.1480238 14.40683174 0 P 0
L 118.1480238 4.75483174 128.4350238 4.75483174 0 P 0
L 118.1480238 14.40683174 128.4350238 14.40683174 0 P 0
L 118.1480238 16.75485854 118.1480238 26.40685854 0 P 0
L 118.1480238 16.75485854 128.4350238 16.75485854 0 P 0
L 118.1480238 26.40685854 128.4350238 26.40685854 0 P 0
L 122.2199994 32.23300894 123.4899994 32.23300894 0 P 0
L 122.2199994 41.77502694 123.4899994 41.77502694 0 P 0
L 122.3619854 51.61701894 123.6319854 51.61701894 0 P 0
L 122.7200238 9.58083174 123.9900238 9.58083174 0 P 0
L 122.7200238 21.58085854 123.9900238 21.58085854 0 P 0
L 122.8549994 31.59800894 122.8549994 32.86800894 0 P 0
L 122.8549994 41.14002694 122.8549994 42.41002694 0 P 0
L 122.9969854 50.98201894 122.9969854 52.25201894 0 P 0
L 123.3550238 8.94583174 123.3550238 10.21583174 0 P 0
L 123.3550238 20.94585854 123.3550238 22.21585854 0 P 0
L 127.9349994 27.40700894 127.9349994 37.05900894 0 P 0
L 127.9349994 36.94902694 127.9349994 46.60102694 0 P 0
L 128.0769854 46.79101894 128.0769854 56.44301894 0 P 0
L 128.4350238 4.75483174 128.4350238 14.40683174 0 P 0
L 128.4350238 16.75485854 128.4350238 26.40685854 0 P 0
L 129.5930098 4.95899694 129.5930098 14.61099694 0 P 0
L 129.5930098 4.95899694 139.8800098 4.95899694 0 P 0
L 129.5930098 14.61099694 139.8800098 14.61099694 0 P 0
L 129.7930094 16.75902414 129.7930094 26.41102414 0 P 0
L 129.7930094 16.75902414 140.0800094 16.75902414 0 P 0
L 129.7930094 26.41102414 140.0800094 26.41102414 0 P 0
L 129.7930094 26.75900414 129.7930094 36.41100414 0 P 0
L 129.7930094 26.75900414 140.0800094 26.75900414 0 P 0
L 129.7930094 36.41100414 140.0800094 36.41100414 0 P 0
L 129.7930094 36.75898414 129.7930094 46.41098414 0 P 0
L 129.7930094 36.75898414 140.0800094 36.75898414 0 P 0
L 129.7930094 46.41098414 140.0800094 46.41098414 0 P 0
L 129.7930094 46.75901494 129.7930094 56.41101494 0 P 0
L 129.7930094 46.75901494 140.0800094 46.75901494 0 P 0
L 129.7930094 56.41101494 140.0800094 56.41101494 0 P 0
L 134.0380098 9.78499694 135.3080098 9.78499694 0 P 0
L 134.2380094 21.58502414 135.5080094 21.58502414 0 P 0
L 134.2380094 31.58500414 135.5080094 31.58500414 0 P 0
L 134.2380094 41.58498414 135.5080094 41.58498414 0 P 0
L 134.2380094 51.58501494 135.5080094 51.58501494 0 P 0
L 134.6730098 9.14999694 134.6730098 10.41999694 0 P 0
L 134.8730094 20.95002414 134.8730094 22.22002414 0 P 0
L 134.8730094 30.95000414 134.8730094 32.22000414 0 P 0
L 134.8730094 40.94998414 134.8730094 42.21998414 0 P 0
L 134.8730094 50.95001494 134.8730094 52.22001494 0 P 0
L 139.8800098 4.95899694 139.8800098 14.61099694 0 P 0
L 140.0800094 16.75902414 140.0800094 26.41102414 0 P 0
L 140.0800094 26.75900414 140.0800094 36.41100414 0 P 0
L 140.0800094 36.75898414 140.0800094 46.41098414 0 P 0
L 140.0800094 46.75901494 140.0800094 56.41101494 0 P 0
L 140.5919718 5.25297654 140.5919718 8.25302134 2 P 0
L 140.5919718 5.25297654 142.2919938 5.25297654 2 P 0
L 140.5919718 8.25302134 142.2919938 8.25302134 2 P 0
L 140.7919714 17.05300374 140.7919714 20.05299774 2 P 0
L 140.7919714 17.05300374 142.4919934 17.05300374 2 P 0
L 140.7919714 20.05299774 142.4919934 20.05299774 2 P 0
L 140.7919714 27.05298374 140.7919714 30.05297774 2 P 0
L 140.7919714 27.05298374 142.4919934 27.05298374 2 P 0
L 140.7919714 30.05297774 142.4919934 30.05297774 2 P 0
L 140.7919714 37.05301454 140.7919714 40.05300854 2 P 0
L 140.7919714 37.05301454 142.4919934 37.05301454 2 P 0
L 140.7919714 40.05300854 142.4919934 40.05300854 2 P 0
L 140.7919714 47.05299454 140.7919714 50.05298854 2 P 0
L 140.7919714 47.05299454 142.4919934 47.05299454 2 P 0
L 140.7919714 50.05298854 142.4919934 50.05298854 2 P 0
L 140.947013 6.75299894 141.9370034 6.75299894 1 P 0
L 141.1470126 18.55297534 142.137003 18.55297534 1 P 0
L 141.1470126 28.55300614 142.137003 28.55300614 1 P 0
L 141.1470126 38.55298614 142.137003 38.55298614 1 P 0
L 141.1470126 48.55301694 142.137003 48.55301694 1 P 0
L 141.4420082 6.25800374 141.4420082 7.24799414 1 P 0
L 141.6420078 18.05798014 141.6420078 19.04802134 1 P 0
L 141.6420078 28.05801094 141.6420078 29.04800134 1 P 0
L 141.6420078 38.05799094 141.6420078 39.04798134 1 P 0
L 141.6420078 48.05802174 141.6420078 49.04801214 1 P 0
L 142.2919938 5.25297654 142.2919938 8.25302134 2 P 0
L 142.4919934 17.05300374 142.4919934 20.05299774 2 P 0
L 142.4919934 27.05298374 142.4919934 30.05297774 2 P 0
L 142.4919934 37.05301454 142.4919934 40.05300854 2 P 0
L 142.4919934 47.05299454 142.4919934 50.05298854 2 P 0
L 147.1499978 5.41899094 147.1499978 8.11901094 2 P 0
L 147.1499978 5.41899094 148.6500202 5.41899094 2 P 0
L 147.1499978 8.11901094 148.6500202 8.11901094 2 P 0
L 147.3499974 17.21901814 147.3499974 19.91898734 2 P 0
L 147.3499974 17.21901814 148.8500198 17.21901814 2 P 0
L 147.3499974 19.91898734 148.8500198 19.91898734 2 P 0
L 147.3499974 27.21899814 147.3499974 29.91901814 2 P 0
L 147.3499974 27.21899814 148.8500198 27.21899814 2 P 0
L 147.3499974 29.91901814 148.8500198 29.91901814 2 P 0
L 147.3499974 37.21897814 147.3499974 39.91899814 2 P 0
L 147.3499974 37.21897814 148.8500198 37.21897814 2 P 0
L 147.3499974 39.91899814 148.8500198 39.91899814 2 P 0
L 147.3499974 47.21900894 147.3499974 49.91897814 2 P 0
L 147.3499974 47.21900894 148.8500198 47.21900894 2 P 0
L 147.3499974 49.91897814 148.8500198 49.91897814 2 P 0
L 147.4249782 6.76900094 148.374989 6.76900094 1 P 0
L 147.6249778 18.56897734 148.5749886 18.56897734 1 P 0
L 147.6249778 28.56900814 148.5749886 28.56900814 1 P 0
L 147.6249778 38.56898814 148.5749886 38.56898814 1 P 0
L 147.6249778 48.56901894 148.5749886 48.56901894 1 P 0
L 147.900009 6.29402094 147.900009 7.24398094 1 P 0
L 148.1000086 18.09399734 148.1000086 19.04400814 1 P 0
L 148.1000086 28.09397734 148.1000086 29.04398814 1 P 0
L 148.1000086 38.09400814 148.1000086 39.04401894 1 P 0
L 148.1000086 48.09398814 148.1000086 49.04399894 1 P 0
L 148.6500202 5.41899094 148.6500202 8.11901094 2 P 0
L 148.8500198 17.21901814 148.8500198 19.91898734 2 P 0
L 148.8500198 27.21899814 148.8500198 29.91901814 2 P 0
L 148.8500198 37.21897814 148.8500198 39.91899814 2 P 0
L 148.8500198 47.21900894 148.8500198 49.91897814 2 P 0
L 156.9919898 9.11098254 156.9919898 12.11097654 2 P 0
L 156.9919898 9.11098254 158.6920118 9.11098254 2 P 0
L 156.9919898 12.11097654 158.6920118 12.11097654 2 P 0
L 157.1919894 20.91100974 157.1919894 23.91100374 2 P 0
L 157.1919894 20.91100974 158.8920114 20.91100974 2 P 0
L 157.1919894 23.91100374 158.8920114 23.91100374 2 P 0
L 157.1919894 30.91098974 157.1919894 33.91098374 2 P 0
L 157.1919894 30.91098974 158.8920114 30.91098974 2 P 0
L 157.1919894 33.91098374 158.8920114 33.91098374 2 P 0
L 157.1919894 40.91102054 157.1919894 43.91101454 2 P 0
L 157.1919894 40.91102054 158.8920114 40.91102054 2 P 0
L 157.1919894 43.91101454 158.8920114 43.91101454 2 P 0
L 157.1919894 50.91100054 157.1919894 53.91099454 2 P 0
L 157.1919894 50.91100054 158.8920114 50.91100054 2 P 0
L 157.1919894 53.91099454 158.8920114 53.91099454 2 P 0
L 157.3469802 10.61100494 158.3370214 10.61100494 1 P 0
L 157.5469798 22.41098134 158.537021 22.41098134 1 P 0
L 157.5469798 32.41101214 158.537021 32.41101214 1 P 0
L 157.5469798 42.41099214 158.537021 42.41099214 1 P 0
L 157.5469798 52.41102294 158.537021 52.41102294 1 P 0
L 157.8419754 10.11600974 157.8419754 11.10600014 1 P 0
L 158.041975 21.91598614 158.041975 22.90597654 1 P 0
L 158.041975 31.91601694 158.041975 32.90600734 1 P 0
L 158.041975 41.91599694 158.041975 42.90598734 1 P 0
L 158.041975 51.91597694 158.041975 52.90601814 1 P 0
L 158.6920118 9.11098254 158.6920118 12.11097654 2 P 0
L 158.69298462 16.67398748 158.69298462 26.32598748 0 P 0
L 158.69298462 16.67398748 168.97998462 16.67398748 0 P 0
L 158.69298462 26.32598748 168.97998462 26.32598748 0 P 0
L 158.8899794 4.76001334 158.8899794 14.41201334 0 P 0
L 158.8899794 4.76001334 169.1769794 4.76001334 0 P 0
L 158.8899794 14.41201334 169.1769794 14.41201334 0 P 0
L 158.8920114 20.91100974 158.8920114 23.91100374 2 P 0
L 158.8920114 30.91098974 158.8920114 33.91098374 2 P 0
L 158.8920114 40.91102054 158.8920114 43.91101454 2 P 0
L 158.8920114 50.91100054 158.8920114 53.91099454 2 P 0
L 159.089979 26.56002054 159.089979 36.21202054 0 P 0
L 159.089979 26.56002054 169.376979 26.56002054 0 P 0
L 159.089979 36.21202054 169.376979 36.21202054 0 P 0
L 159.089979 36.56000054 159.089979 46.21200054 0 P 0
L 159.089979 36.56000054 169.376979 36.56000054 0 P 0
L 159.089979 46.21200054 169.376979 46.21200054 0 P 0
L 159.089979 46.55998054 159.089979 56.21198054 0 P 0
L 159.089979 46.55998054 169.376979 46.55998054 0 P 0
L 159.089979 56.21198054 169.376979 56.21198054 0 P 0
L 163.26498462 21.49998748 164.53498462 21.49998748 0 P 0
L 163.4619794 9.58601334 164.7319794 9.58601334 0 P 0
L 163.661979 31.38602054 164.931979 31.38602054 0 P 0
L 163.661979 41.38600054 164.931979 41.38600054 0 P 0
L 163.661979 51.38598054 164.931979 51.38598054 0 P 0
L 163.89998462 20.86498748 163.89998462 22.13498748 0 P 0
L 164.0969794 8.95101334 164.0969794 10.22101334 0 P 0
L 164.296979 30.75102054 164.296979 32.02102054 0 P 0
L 164.296979 40.75100054 164.296979 42.02100054 0 P 0
L 164.296979 50.75098054 164.296979 52.02098054 0 P 0
L 168.97998462 16.67398748 168.97998462 26.32598748 0 P 0
L 169.1769794 4.76001334 169.1769794 14.41201334 0 P 0
L 169.376979 26.56002054 169.376979 36.21202054 0 P 0
L 169.376979 36.56000054 169.376979 46.21200054 0 P 0
L 169.376979 46.55998054 169.376979 56.21198054 0 P 0
L 172.31997794 3.87401562 172.31997794 13.52601562 0 P 0
L 172.31997794 3.87401562 182.60697794 3.87401562 0 P 0
L 172.31997794 13.52601562 182.60697794 13.52601562 0 P 0
L 173.219999 15.27399282 173.219999 24.92599282 0 P 0
L 173.219999 15.27399282 183.506999 15.27399282 0 P 0
L 173.219999 24.92599282 183.506999 24.92599282 0 P 0
L 173.3199988 26.27401908 173.3199988 35.92601908 0 P 0
L 173.3199988 26.27401908 183.6069988 26.27401908 0 P 0
L 173.3199988 35.92601908 183.6069988 35.92601908 0 P 0
L 173.42002654 37.4739916 173.42002654 47.1259916 0 P 0
L 173.42002654 37.4739916 183.70702654 37.4739916 0 P 0
L 173.42002654 47.1259916 183.70702654 47.1259916 0 P 0
L 173.62002614 48.47399754 173.62002614 58.12599754 0 P 0
L 173.62002614 48.47399754 183.90702614 48.47399754 0 P 0
L 173.62002614 58.12599754 183.90702614 58.12599754 0 P 0
L 176.76497794 8.70001562 178.03497794 8.70001562 0 P 0
L 177.39997794 8.06501562 177.39997794 9.33501562 0 P 0
L 177.664999 20.09999282 178.934999 20.09999282 0 P 0
L 177.7649988 31.10001908 179.0349988 31.10001908 0 P 0
L 177.86502654 42.2999916 179.13502654 42.2999916 0 P 0
L 178.06502614 53.29999754 179.33502614 53.29999754 0 P 0
L 178.299999 19.46499282 178.299999 20.73499282 0 P 0
L 178.3999988 30.46501908 178.3999988 31.73501908 0 P 0
L 178.50002654 41.6649916 178.50002654 42.9349916 0 P 0
L 178.70002614 52.66499754 178.70002614 53.93499754 0 P 0
L 182.60697794 3.87401562 182.60697794 13.52601562 0 P 0
L 183.506999 15.27399282 183.506999 24.92599282 0 P 0
L 183.6069988 26.27401908 183.6069988 35.92601908 0 P 0
L 183.70702654 37.4739916 183.70702654 47.1259916 0 P 0
L 183.90702614 48.47399754 183.90702614 58.12599754 0 P 0
L 184.1499746 17.44996002 184.1499746 20.14998002 2 P 0
L 184.1499746 17.44996002 185.649997 17.44996002 2 P 0
L 184.1499746 20.14998002 185.649997 20.14998002 2 P 0
L 184.4250058 18.79997002 185.3750166 18.79997002 1 P 0
L 184.8999858 18.32499002 184.8999858 19.27500082 1 P 0
L 185.45002534 50.70000274 185.45002534 53.69999674 2 P 0
L 185.45002534 50.70000274 187.14999654 50.70000274 2 P 0
L 185.45002534 53.69999674 187.14999654 53.69999674 2 P 0
L 185.49996174 32.15002714 185.49996174 33.84999834 2 P 0
L 185.49996174 32.15002714 188.50000654 32.15002714 2 P 0
L 185.49996174 33.84999834 188.50000654 33.84999834 2 P 0
L 185.649997 17.44996002 185.649997 20.14998002 2 P 0
L 185.70001214 38.74996314 185.70001214 40.44998514 2 P 0
L 185.70001214 38.74996314 188.70000614 38.74996314 2 P 0
L 185.70001214 40.44998514 188.70000614 40.44998514 2 P 0
L 185.80001194 10.54999922 185.80001194 12.24997042 2 P 0
L 185.80001194 10.54999922 188.80000594 10.54999922 2 P 0
L 185.80001194 12.24997042 188.80000594 12.24997042 2 P 0
L 185.80501574 52.20002514 186.79500614 52.20002514 1 P 0
L 186.30001094 51.70502994 186.30001094 52.69502034 1 P 0
L 186.50498894 33.00001274 187.49497934 33.00001274 1 P 0
L 186.70503934 39.59999954 187.69502974 39.59999954 1 P 0
L 186.80498834 11.39998482 187.79497874 11.39998482 1 P 0
L 186.99998414 32.50501754 186.99998414 33.49500794 1 P 0
L 187.14999654 50.70000274 187.14999654 53.69999674 2 P 0
L 187.20003454 39.10500434 187.20003454 40.09499474 1 P 0
L 187.29998354 10.90498962 187.29998354 11.89498002 1 P 0
L 187.85002054 51.05001474 187.85002054 53.74998394 2 P 0
L 187.85002054 51.05001474 189.35004294 51.05001474 2 P 0
L 187.85002054 53.74998394 189.35004294 53.74998394 2 P 0
L 188.12500094 52.40002474 189.07501174 52.40002474 1 P 0
L 188.50000654 32.15002714 188.50000654 33.84999834 2 P 0
L 188.60003174 51.92499394 188.60003174 52.87500474 1 P 0
L 188.70000614 38.74996314 188.70000614 40.44998514 2 P 0
L 188.75001874 7.00004442 188.75001874 10.00003842 2 P 0
L 188.75001874 7.00004442 190.44998994 7.00004442 2 P 0
L 188.75001874 10.00003842 190.44998994 10.00003842 2 P 0
L 188.80000594 10.54999922 188.80000594 12.24997042 2 P 0
L 189.10500914 8.50001602 190.09499954 8.50001602 1 P 0
L 189.35004294 51.05001474 189.35004294 53.74998394 2 P 0
L 189.60000434 8.00502082 189.60000434 8.99501122 1 P 0
L 189.74999134 38.75001394 189.74999134 40.24998554 2 P 0
L 189.74999134 38.75001394 192.45001134 38.75001394 2 P 0
L 189.74999134 40.24998554 192.45001134 40.24998554 2 P 0
L 190.14999054 24.44996634 190.14999054 27.14998634 2 P 0
L 190.14999054 24.44996634 191.65001294 24.44996634 2 P 0
L 190.14999054 27.14998634 191.65001294 27.14998634 2 P 0
L 190.35001554 10.65002442 190.35001554 12.14999602 2 P 0
L 190.35001554 10.65002442 193.04998474 10.65002442 2 P 0
L 190.35001554 12.14999602 193.04998474 12.14999602 2 P 0
L 190.39997734 52.45001194 190.39997734 54.14998314 2 P 0
L 190.39997734 52.45001194 193.40002214 52.45001194 2 P 0
L 190.39997734 54.14998314 193.40002214 54.14998314 2 P 0
L 190.42502174 25.79997634 191.37503254 25.79997634 1 P 0
L 190.44998994 7.00004442 190.44998994 10.00003842 2 P 0
L 190.62497054 39.50002514 191.57498134 39.50002514 1 P 0
L 190.90000174 25.32499634 190.90000174 26.27500714 1 P 0
L 191.10000134 39.02499434 191.10000134 39.97500514 1 P 0
L 191.22499474 11.40003562 192.17500554 11.40003562 1 P 0
L 191.40500454 53.29999754 192.39499494 53.29999754 1 P 0
L 191.65001294 24.44996634 191.65001294 27.14998634 2 P 0
L 191.69997474 10.92500482 191.69997474 11.87501562 1 P 0
L 191.89999974 52.80500234 191.89999974 53.79499274 1 P 0
L 192.45001134 38.75001394 192.45001134 40.24998554 2 P 0
L 192.80002334 41.45003394 192.80002334 43.15000514 2 P 0
L 192.80002334 41.45003394 195.80001734 41.45003394 2 P 0
L 192.80002334 43.15000514 195.80001734 43.15000514 2 P 0
L 193.04998474 10.65002442 193.04998474 12.14999602 2 P 0
L 193.350007 21.20001602 193.350007 24.20001002 2 P 0
L 193.350007 21.20001602 195.0499782 21.20001602 2 P 0
L 193.350007 24.20001002 195.0499782 24.20001002 2 P 0
L 193.40002214 52.45001194 193.40002214 54.14998314 2 P 0
L 193.7049974 22.69998762 194.6949878 22.69998762 1 P 0
L 193.80499974 42.30001954 194.79499014 42.30001954 1 P 0
L 194.1999926 22.20499242 194.1999926 23.19498282 1 P 0
L 194.29999494 41.80502434 194.29999494 42.79501474 1 P 0
L 195.0499782 21.20001602 195.0499782 24.20001002 2 P 0
L 195.7500022 21.19996522 195.7500022 24.19995922 2 P 0
L 195.7500022 21.19996522 197.4499734 21.19996522 2 P 0
L 195.7500022 24.19995922 197.4499734 24.19995922 2 P 0
L 195.80001734 41.45003394 195.80001734 43.15000514 2 P 0
L 195.94997894 26.69999994 195.94997894 29.69999394 2 P 0
L 195.94997894 26.69999994 197.65000094 26.69999994 2 P 0
L 195.94997894 29.69999394 197.65000094 29.69999394 2 P 0
L 196.1049926 22.69998762 197.094983 22.69998762 1 P 0
L 196.30496934 28.20002234 197.29495974 28.20002234 1 P 0
L 196.5999878 22.20499242 196.5999878 23.19498282 1 P 0
L 196.79996454 27.70502714 196.79996454 28.69501754 1 P 0
L 197.4499734 21.19996522 197.4499734 24.19995922 2 P 0
L 197.65000094 26.69999994 197.65000094 29.69999394 2 P 0
L 198.9930234 26.07402202 198.9930234 35.72602202 0 P 0
L 198.9930234 26.07402202 209.2800234 26.07402202 0 P 0
L 198.9930234 35.72602202 209.2800234 35.72602202 0 P 0
L 199.2930228 37.47402208 199.2930228 47.12602208 0 P 0
L 199.2930228 37.47402208 209.5800228 37.47402208 0 P 0
L 199.2930228 47.12602208 209.5800228 47.12602208 0 P 0
L 199.49301986 15.07397036 199.49301986 24.72597036 0 P 0
L 199.49301986 15.07397036 209.78001986 15.07397036 0 P 0
L 199.49301986 24.72597036 209.78001986 24.72597036 0 P 0
L 199.49302494 48.77402234 199.49302494 58.42602234 0 P 0
L 199.49302494 48.77402234 209.78002494 48.77402234 0 P 0
L 199.49302494 58.42602234 209.78002494 58.42602234 0 P 0
L 199.59302474 3.87396482 199.59302474 13.52596482 0 P 0
L 199.59302474 3.87396482 209.88002474 3.87396482 0 P 0
L 199.59302474 13.52596482 209.88002474 13.52596482 0 P 0
L 203.5650234 30.90002202 204.8350234 30.90002202 0 P 0
L 203.8650228 42.30002208 205.1350228 42.30002208 0 P 0
L 204.06501986 19.89997036 205.33501986 19.89997036 0 P 0
L 204.06502494 53.60002234 205.33502494 53.60002234 0 P 0
L 204.16502474 8.69996482 205.43502474 8.69996482 0 P 0
L 204.2000234 30.26502202 204.2000234 31.53502202 0 P 0
L 204.5000228 41.66502208 204.5000228 42.93502208 0 P 0
L 204.70001986 19.26497036 204.70001986 20.53497036 0 P 0
L 204.70002494 52.96502234 204.70002494 54.23502234 0 P 0
L 204.80002474 8.06496482 204.80002474 9.33496482 0 P 0
L 209.2800234 26.07402202 209.2800234 35.72602202 0 P 0
L 209.5800228 37.47402208 209.5800228 47.12602208 0 P 0
L 209.78001986 15.07397036 209.78001986 24.72597036 0 P 0
L 209.78002494 48.77402234 209.78002494 58.42602234 0 P 0
L 209.88002474 3.87396482 209.88002474 13.52596482 0 P 0
