UNITS=MM
#Layer_Color=65535
#
#Feature symbol names
#
$0 r199.9996
$1 r149.9997
$2 r254

#
#Feature attribute names
#
@0 .nomenclature
@1 .string
@2 .string_angle

#
#Feature attribute text strings
#
&0 

#
#Layer features
#
A 12.82583668 9.69600296 12.82583668 9.69600296 11.4329972 9.69600296 0 P 0 N
A 13.08884098 19.7999985 13.08884098 19.7999985 11.6960015 19.7999985 0 P 0 N
A 13.213842 29.89999862 13.213842 29.89999862 11.82100252 29.89999862 0 P 0 N
A 13.22583842 40.19600038 13.22583842 40.19600038 11.83299894 40.19600038 0 P 0 N
A 13.42084184 50.14399928 13.42084184 50.14399928 12.02800236 50.14399928 0 P 0 N
A 35.64583676 13.30700412 35.64583676 13.30700412 34.25299728 13.30700412 0 P 0 N
A 35.90884106 23.41099966 35.90884106 23.41099966 34.51600158 23.41099966 0 P 0 N
A 36.03384208 33.51099978 36.03384208 33.51099978 34.6410026 33.51099978 0 P 0 N
A 36.0458385 43.80700154 36.0458385 43.80700154 34.65299902 43.80700154 0 P 0 N
A 36.24084192 53.75500044 36.24084192 53.75500044 34.84800244 53.75500044 0 P 0 N
A 55.37084176 40.6440005 55.37084176 40.6440005 53.97800228 40.6440005 0 P 0 N
A 55.42583784 8.69399836 55.42583784 8.69399836 54.03299836 8.69399836 0 P 0 N
A 55.42583784 19.44399718 55.42583784 19.44399718 54.03299836 19.44399718 0 P 0 N
A 55.42583784 30.44399804 55.42583784 30.44399804 54.03299836 30.44399804 0 P 0 N
A 55.62583744 51.56900024 55.62583744 51.56900024 54.23299796 51.56900024 0 P 0 N
A 78.19084184 44.25500166 78.19084184 44.25500166 76.79800236 44.25500166 0 P 0 N
A 78.24583792 12.30499952 78.24583792 12.30499952 76.85299844 12.30499952 0 P 0 N
A 78.24583792 23.05499834 78.24583792 23.05499834 76.85299844 23.05499834 0 P 0 N
A 78.24583792 34.0549992 78.24583792 34.0549992 76.85299844 34.0549992 0 P 0 N
A 78.44583752 55.1800014 78.44583752 55.1800014 77.05299804 55.1800014 0 P 0 N
A 98.12583626 30.5270027 98.12583626 30.5270027 96.73299678 30.5270027 0 P 0 N
A 98.12583626 40.06900038 98.12583626 40.06900038 96.73299678 40.06900038 0 P 0 N
A 98.26783496 49.911 98.26783496 49.911 96.87499548 49.911 0 P 0 N
A 98.6258378 7.87484328 98.6258378 7.87484328 97.23299832 7.87484328 0 P 0 N
A 98.6258378 19.87484214 98.6258378 19.87484214 97.23299832 19.87484214 0 P 0 N
A 120.94583634 34.13800386 120.94583634 34.13800386 119.55299686 34.13800386 0 P 0 N
A 120.94583634 43.68000154 120.94583634 43.68000154 119.55299686 43.68000154 0 P 0 N
A 121.08783504 53.52200116 121.08783504 53.52200116 119.69499556 53.52200116 0 P 0 N
A 121.44583788 11.48584444 121.44583788 11.48584444 120.0529984 11.48584444 0 P 0 N
A 121.44583788 23.4858433 121.44583788 23.4858433 120.0529984 23.4858433 0 P 0 N
A 139.36783404 7.88000202 139.36783404 7.88000202 137.97499456 7.88000202 0 P 0 N
A 139.56783364 19.68000128 139.56783364 19.68000128 138.17499416 19.68000128 0 P 0 N
A 139.56783364 29.6800016 139.56783364 29.6800016 138.17499416 29.6800016 0 P 0 N
A 139.56783364 39.68000192 139.56783364 39.68000192 138.17499416 39.68000192 0 P 0 N
A 139.56783364 49.68000224 139.56783364 49.68000224 138.17499416 49.68000224 0 P 0 N
A 162.18783412 11.49100318 162.18783412 11.49100318 160.79499464 11.49100318 0 P 0 N
A 162.38783372 23.29100244 162.38783372 23.29100244 160.99499424 23.29100244 0 P 0 N
A 162.38783372 33.29100276 162.38783372 33.29100276 160.99499424 33.29100276 0 P 0 N
A 162.38783372 43.29100308 162.38783372 43.29100308 160.99499424 43.29100308 0 P 0 N
A 162.38783372 53.2910034 162.38783372 53.2910034 160.99499424 53.2910034 0 P 0 N
L 3.5589972 7.28300296 3.5589972 15.91900296 0 P 0
L 3.5589972 7.28300296 12.8299972 7.28300296 0 P 0
L 3.5589972 15.91900296 12.8299972 15.91900296 0 P 0
L 3.8220015 17.3869985 3.8220015 26.0229985 0 P 0
L 3.8220015 17.3869985 13.0930015 17.3869985 0 P 0
L 3.8220015 26.0229985 13.0930015 26.0229985 0 P 0
L 3.94700252 27.48699862 3.94700252 36.12299862 0 P 0
L 3.94700252 27.48699862 13.21800252 27.48699862 0 P 0
L 3.94700252 36.12299862 13.21800252 36.12299862 0 P 0
L 3.95899894 37.78300038 3.95899894 46.41900038 0 P 0
L 3.95899894 37.78300038 13.22999894 37.78300038 0 P 0
L 3.95899894 46.41900038 13.22999894 46.41900038 0 P 0
L 4.15400236 47.73099928 4.15400236 56.36699928 0 P 0
L 4.15400236 47.73099928 13.42500236 47.73099928 0 P 0
L 4.15400236 56.36699928 13.42500236 56.36699928 0 P 0
L 12.8299972 7.28300296 12.8299972 15.91900296 0 P 0
L 13.0930015 17.3869985 13.0930015 26.0229985 0 P 0
L 13.21800252 27.48699862 13.21800252 36.12299862 0 P 0
L 13.22999894 37.78300038 13.22999894 46.41900038 0 P 0
L 13.42500236 47.73099928 13.42500236 56.36699928 0 P 0
L 13.7999978 17.89999976 13.7999978 20.69999924 1 P 0
L 13.7999978 17.89999976 14.09999974 17.89999976 1 P 0
L 13.7999978 19.2999995 15.20000008 19.2999995 1 P 0
L 13.7999978 20.69999924 14.09999974 20.69999924 1 P 0
L 14.49999894 27.37499986 14.49999894 30.17499934 1 P 0
L 14.49999894 27.37499986 14.80000088 27.37499986 1 P 0
L 14.49999894 28.7749996 15.90000122 28.7749996 1 P 0
L 14.49999894 30.17499934 14.80000088 30.17499934 1 P 0
L 14.89999814 17.89999976 15.20000008 17.89999976 1 P 0
L 14.89999814 20.69999924 15.20000008 20.69999924 1 P 0
L 15.20000008 17.89999976 15.20000008 20.69999924 1 P 0
L 15.59999928 27.37499986 15.90000122 27.37499986 1 P 0
L 15.59999928 30.17499934 15.90000122 30.17499934 1 P 0
L 15.82999882 21.39999784 15.82999882 21.59199898 1 P 0
L 15.82999882 21.39999784 18.36999882 21.39999784 1 P 0
L 15.82999882 22.60799898 15.82999882 22.80000012 1 P 0
L 15.82999882 22.80000012 18.36999882 22.80000012 1 P 0
L 15.90000122 27.37499986 15.90000122 30.17499934 1 P 0
L 15.99999848 40.5750014 15.99999848 43.37500088 1 P 0
L 15.99999848 40.5750014 16.30000042 40.5750014 1 P 0
L 15.99999848 41.97500114 17.40000076 41.97500114 1 P 0
L 15.99999848 43.37500088 16.30000042 43.37500088 1 P 0
L 16.09999828 50.5000006 16.09999828 53.30000008 1 P 0
L 16.09999828 50.5000006 16.40000022 50.5000006 1 P 0
L 16.09999828 51.90000034 17.50000056 51.90000034 1 P 0
L 16.09999828 53.30000008 16.40000022 53.30000008 1 P 0
L 17.09999882 9.80000072 17.09999882 12.6000002 1 P 0
L 17.09999882 9.80000072 17.40000076 9.80000072 1 P 0
L 17.09999882 11.20000046 18.5000011 11.20000046 1 P 0
L 17.09999882 12.6000002 17.40000076 12.6000002 1 P 0
L 17.09999882 21.39999784 17.09999882 22.80000012 1 P 0
L 17.09999882 40.5750014 17.40000076 40.5750014 1 P 0
L 17.09999882 43.37500088 17.40000076 43.37500088 1 P 0
L 17.19999862 50.5000006 17.50000056 50.5000006 1 P 0
L 17.19999862 53.30000008 17.50000056 53.30000008 1 P 0
L 17.40000076 40.5750014 17.40000076 43.37500088 1 P 0
L 17.4730029 31.55599734 17.4730029 31.74799848 1 P 0
L 17.4730029 31.55599734 20.0130029 31.55599734 1 P 0
L 17.4730029 32.76399848 17.4730029 32.95599962 1 P 0
L 17.4730029 32.95599962 20.0130029 32.95599962 1 P 0
L 17.50000056 50.5000006 17.50000056 53.30000008 1 P 0
L 17.68000274 51.799998 17.68000274 51.99199914 1 P 0
L 17.68000274 51.799998 20.22000274 51.799998 1 P 0
L 17.68000274 53.00799914 17.68000274 53.20000028 1 P 0
L 17.68000274 53.20000028 20.22000274 53.20000028 1 P 0
L 17.7300001 41.90000002 17.7300001 42.09200116 1 P 0
L 17.7300001 41.90000002 20.2700001 41.90000002 1 P 0
L 17.7300001 43.10800116 17.7300001 43.3000023 1 P 0
L 17.7300001 43.3000023 20.2700001 43.3000023 1 P 0
L 18.19999916 9.80000072 18.5000011 9.80000072 1 P 0
L 18.19999916 12.6000002 18.5000011 12.6000002 1 P 0
L 18.36999882 21.39999784 18.36999882 21.59199898 1 P 0
L 18.36999882 22.60799898 18.36999882 22.80000012 1 P 0
L 18.5000011 9.80000072 18.5000011 12.6000002 1 P 0
L 18.7430029 31.55599734 18.7430029 32.95599962 1 P 0
L 18.95000274 51.799998 18.95000274 53.20000028 1 P 0
L 19.0000001 41.90000002 19.0000001 43.3000023 1 P 0
L 20.0130029 31.55599734 20.0130029 31.74799848 1 P 0
L 20.0130029 32.76399848 20.0130029 32.95599962 1 P 0
L 20.22000274 51.799998 20.22000274 51.99199914 1 P 0
L 20.22000274 53.00799914 20.22000274 53.20000028 1 P 0
L 20.2700001 41.90000002 20.2700001 42.09200116 1 P 0
L 20.2700001 43.10800116 20.2700001 43.3000023 1 P 0
L 20.59300174 30.30599984 20.59300174 33.10599932 1 P 0
L 20.59300174 30.30599984 20.89300368 30.30599984 1 P 0
L 20.59300174 31.70599958 21.99300402 31.70599958 1 P 0
L 20.59300174 33.10599932 20.89300368 33.10599932 1 P 0
L 20.60499816 40.6020016 20.60499816 43.40200108 1 P 0
L 20.60499816 40.6020016 20.9050001 40.6020016 1 P 0
L 20.60499816 42.00200134 22.00500044 42.00200134 1 P 0
L 20.60499816 43.40200108 20.9050001 43.40200108 1 P 0
L 20.80000158 50.5500005 20.80000158 53.34999998 1 P 0
L 20.80000158 50.5500005 21.10000352 50.5500005 1 P 0
L 20.80000158 51.95000024 22.20000386 51.95000024 1 P 0
L 20.80000158 53.34999998 21.10000352 53.34999998 1 P 0
L 21.69300208 30.30599984 21.99300402 30.30599984 1 P 0
L 21.69300208 33.10599932 21.99300402 33.10599932 1 P 0
L 21.7049985 40.6020016 22.00500044 40.6020016 1 P 0
L 21.7049985 43.40200108 22.00500044 43.40200108 1 P 0
L 21.90000192 50.5500005 22.20000386 50.5500005 1 P 0
L 21.90000192 53.34999998 22.20000386 53.34999998 1 P 0
L 21.99300402 30.30599984 21.99300402 33.10599932 1 P 0
L 22.00500044 40.6020016 22.00500044 43.40200108 1 P 0
L 22.20000386 50.5500005 22.20000386 53.34999998 1 P 0
L 22.33000106 12.29999826 22.33000106 12.4919994 1 P 0
L 22.33000106 12.29999826 24.87000106 12.29999826 1 P 0
L 22.33000106 13.5079994 22.33000106 13.70000054 1 P 0
L 22.33000106 13.70000054 24.87000106 13.70000054 1 P 0
L 23.60000106 12.29999826 23.60000106 13.70000054 1 P 0
L 24.87000106 12.29999826 24.87000106 12.4919994 1 P 0
L 24.87000106 13.5079994 24.87000106 13.70000054 1 P 0
L 28.30499546 11.00200492 28.30499546 13.8020044 1 P 0
L 28.30499546 11.00200492 28.6049974 11.00200492 1 P 0
L 28.30499546 12.40200466 29.70499774 12.40200466 1 P 0
L 28.30499546 13.8020044 28.6049974 13.8020044 1 P 0
L 29.4049958 11.00200492 29.70499774 11.00200492 1 P 0
L 29.4049958 13.8020044 29.70499774 13.8020044 1 P 0
L 29.70499774 11.00200492 29.70499774 13.8020044 1 P 0
L 31.29999836 21.20000078 31.29999836 24.00000026 1 P 0
L 31.29999836 21.20000078 31.6000003 21.20000078 1 P 0
L 31.29999836 22.60000052 32.70000064 22.60000052 1 P 0
L 31.29999836 24.00000026 31.6000003 24.00000026 1 P 0
L 32.3999987 21.20000078 32.70000064 21.20000078 1 P 0
L 32.3999987 24.00000026 32.70000064 24.00000026 1 P 0
L 32.70000064 21.20000078 32.70000064 24.00000026 1 P 0
L 32.85599728 7.08400412 32.85599728 15.72000412 0 P 0
L 32.85599728 7.08400412 42.12699728 7.08400412 0 P 0
L 32.85599728 15.72000412 42.12699728 15.72000412 0 P 0
L 33.11900158 17.18799966 33.11900158 25.82399966 0 P 0
L 33.11900158 17.18799966 42.39000158 17.18799966 0 P 0
L 33.11900158 25.82399966 42.39000158 25.82399966 0 P 0
L 33.2440026 27.28799978 33.2440026 35.92399978 0 P 0
L 33.2440026 27.28799978 42.5150026 27.28799978 0 P 0
L 33.2440026 35.92399978 42.5150026 35.92399978 0 P 0
L 33.25599902 37.58400154 33.25599902 46.22000154 0 P 0
L 33.25599902 37.58400154 42.52699902 37.58400154 0 P 0
L 33.25599902 46.22000154 42.52699902 46.22000154 0 P 0
L 33.45100244 47.53200044 33.45100244 56.16800044 0 P 0
L 33.45100244 47.53200044 42.72200244 47.53200044 0 P 0
L 33.45100244 56.16800044 42.72200244 56.16800044 0 P 0
L 42.12699728 7.08400412 42.12699728 15.72000412 0 P 0
L 42.39000158 17.18799966 42.39000158 25.82399966 0 P 0
L 42.5150026 27.28799978 42.5150026 35.92399978 0 P 0
L 42.52699902 37.58400154 42.52699902 46.22000154 0 P 0
L 42.72200244 47.53200044 42.72200244 56.16800044 0 P 0
L 46.10400228 38.2310005 46.10400228 46.8670005 0 P 0
L 46.10400228 38.2310005 55.37500228 38.2310005 0 P 0
L 46.10400228 46.8670005 55.37500228 46.8670005 0 P 0
L 46.15899836 6.28099836 46.15899836 14.91699836 0 P 0
L 46.15899836 6.28099836 55.42999836 6.28099836 0 P 0
L 46.15899836 14.91699836 55.42999836 14.91699836 0 P 0
L 46.15899836 17.03099718 46.15899836 25.66699718 0 P 0
L 46.15899836 17.03099718 55.42999836 17.03099718 0 P 0
L 46.15899836 25.66699718 55.42999836 25.66699718 0 P 0
L 46.15899836 28.03099804 46.15899836 36.66699804 0 P 0
L 46.15899836 28.03099804 55.42999836 28.03099804 0 P 0
L 46.15899836 36.66699804 55.42999836 36.66699804 0 P 0
L 46.35899796 49.15600024 46.35899796 57.79200024 0 P 0
L 46.35899796 49.15600024 55.62999796 49.15600024 0 P 0
L 46.35899796 57.79200024 55.62999796 57.79200024 0 P 0
L 55.37500228 38.2310005 55.37500228 46.8670005 0 P 0
L 55.42999836 6.28099836 55.42999836 14.91699836 0 P 0
L 55.42999836 17.03099718 55.42999836 25.66699718 0 P 0
L 55.42999836 28.03099804 55.42999836 36.66699804 0 P 0
L 55.62999796 49.15600024 55.62999796 57.79200024 0 P 0
L 58.0999981 40.99999928 58.0999981 43.79999876 1 P 0
L 58.0999981 40.99999928 58.40000004 40.99999928 1 P 0
L 58.0999981 42.39999902 59.50000038 42.39999902 1 P 0
L 58.0999981 43.79999876 58.40000004 43.79999876 1 P 0
L 58.1999979 21.62999992 58.1999979 24.16999992 1 P 0
L 58.1999979 21.62999992 58.39199904 21.62999992 1 P 0
L 58.1999979 22.89999992 59.60000018 22.89999992 1 P 0
L 58.1999979 24.16999992 58.39199904 24.16999992 1 P 0
L 58.2999977 18.19999916 58.2999977 20.99999864 1 P 0
L 58.2999977 18.19999916 58.59999964 18.19999916 1 P 0
L 58.2999977 19.5999989 59.69999998 19.5999989 1 P 0
L 58.2999977 20.99999864 58.59999964 20.99999864 1 P 0
L 58.2999977 51.87499912 58.2999977 54.6749986 1 P 0
L 58.2999977 51.87499912 58.59999964 51.87499912 1 P 0
L 58.2999977 53.27499886 59.69999998 53.27499886 1 P 0
L 58.2999977 54.6749986 58.59999964 54.6749986 1 P 0
L 58.40000004 10.8800011 58.40000004 13.4200011 1 P 0
L 58.40000004 10.8800011 58.59200118 10.8800011 1 P 0
L 58.40000004 12.1500011 59.80000232 12.1500011 1 P 0
L 58.40000004 13.4200011 58.59200118 13.4200011 1 P 0
L 58.49999984 32.73000058 58.49999984 35.27000058 1 P 0
L 58.49999984 32.73000058 58.69200098 32.73000058 1 P 0
L 58.49999984 34.00000058 59.90000212 34.00000058 1 P 0
L 58.49999984 35.27000058 58.69200098 35.27000058 1 P 0
L 59.19999844 40.99999928 59.50000038 40.99999928 1 P 0
L 59.19999844 43.79999876 59.50000038 43.79999876 1 P 0
L 59.39999804 18.19999916 59.69999998 18.19999916 1 P 0
L 59.39999804 20.99999864 59.69999998 20.99999864 1 P 0
L 59.39999804 51.87499912 59.69999998 51.87499912 1 P 0
L 59.39999804 54.6749986 59.69999998 54.6749986 1 P 0
L 59.40799904 21.62999992 59.60000018 21.62999992 1 P 0
L 59.40799904 24.16999992 59.60000018 24.16999992 1 P 0
L 59.50000038 40.99999928 59.50000038 43.79999876 1 P 0
L 59.60000018 21.62999992 59.60000018 24.16999992 1 P 0
L 59.60800118 10.8800011 59.80000232 10.8800011 1 P 0
L 59.60800118 13.4200011 59.80000232 13.4200011 1 P 0
L 59.69999998 18.19999916 59.69999998 20.99999864 1 P 0
L 59.69999998 51.87499912 59.69999998 54.6749986 1 P 0
L 59.70800098 32.73000058 59.90000212 32.73000058 1 P 0
L 59.70800098 35.27000058 59.90000212 35.27000058 1 P 0
L 59.72999992 42.29999922 59.72999992 42.49200036 1 P 0
L 59.72999992 42.29999922 62.26999992 42.29999922 1 P 0
L 59.72999992 43.50800036 59.72999992 43.7000015 1 P 0
L 59.72999992 43.7000015 62.26999992 43.7000015 1 P 0
L 59.80000232 10.8800011 59.80000232 13.4200011 1 P 0
L 59.90000212 32.73000058 59.90000212 35.27000058 1 P 0
L 60.02999932 53.30000008 60.02999932 53.49200122 1 P 0
L 60.02999932 53.30000008 62.56999932 53.30000008 1 P 0
L 60.02999932 54.50800122 60.02999932 54.70000236 1 P 0
L 60.02999932 54.70000236 62.56999932 54.70000236 1 P 0
L 60.99999992 42.29999922 60.99999992 43.7000015 1 P 0
L 61.29999932 53.30000008 61.29999932 54.70000236 1 P 0
L 62.26999992 42.29999922 62.26999992 42.49200036 1 P 0
L 62.26999992 43.50800036 62.26999992 43.7000015 1 P 0
L 62.39999966 30.69999956 62.39999966 33.49999904 1 P 0
L 62.39999966 30.69999956 62.7000016 30.69999956 1 P 0
L 62.39999966 32.0999993 63.80000194 32.0999993 1 P 0
L 62.39999966 33.49999904 62.7000016 33.49999904 1 P 0
L 62.56999932 53.30000008 62.56999932 53.49200122 1 P 0
L 62.56999932 54.50800122 62.56999932 54.70000236 1 P 0
L 62.74500278 42.21699964 62.74500278 45.01699912 1 P 0
L 62.74500278 42.21699964 63.04500472 42.21699964 1 P 0
L 62.74500278 43.61699938 64.14500506 43.61699938 1 P 0
L 62.74500278 45.01699912 63.04500472 45.01699912 1 P 0
L 62.79999886 3.80000002 62.79999886 6.5999995 1 P 0
L 62.79999886 3.80000002 63.1000008 3.80000002 1 P 0
L 62.79999886 5.19999976 64.20000114 5.19999976 1 P 0
L 62.79999886 6.5999995 63.1000008 6.5999995 1 P 0
L 62.79999886 10.2669975 62.79999886 13.06699698 1 P 0
L 62.79999886 10.2669975 63.1000008 10.2669975 1 P 0
L 62.79999886 11.66699724 64.20000114 11.66699724 1 P 0
L 62.79999886 13.06699698 63.1000008 13.06699698 1 P 0
L 62.79999886 21.01699632 62.79999886 23.8169958 1 P 0
L 62.79999886 21.01699632 63.1000008 21.01699632 1 P 0
L 62.79999886 22.41699606 64.20000114 22.41699606 1 P 0
L 62.79999886 23.8169958 63.1000008 23.8169958 1 P 0
L 63.00499718 51.97500146 63.00499718 54.77500094 1 P 0
L 63.00499718 51.97500146 63.30499912 51.97500146 1 P 0
L 63.00499718 53.3750012 64.40499946 53.3750012 1 P 0
L 63.00499718 54.77500094 63.30499912 54.77500094 1 P 0
L 63.5 30.69999956 63.80000194 30.69999956 1 P 0
L 63.5 33.49999904 63.80000194 33.49999904 1 P 0
L 63.80000194 30.69999956 63.80000194 33.49999904 1 P 0
L 63.84500312 42.21699964 64.14500506 42.21699964 1 P 0
L 63.84500312 45.01699912 64.14500506 45.01699912 1 P 0
L 63.8999992 3.80000002 64.20000114 3.80000002 1 P 0
L 63.8999992 6.5999995 64.20000114 6.5999995 1 P 0
L 63.8999992 10.2669975 64.20000114 10.2669975 1 P 0
L 63.8999992 13.06699698 64.20000114 13.06699698 1 P 0
L 63.8999992 21.01699632 64.20000114 21.01699632 1 P 0
L 63.8999992 23.8169958 64.20000114 23.8169958 1 P 0
L 64.10499752 51.97500146 64.40499946 51.97500146 1 P 0
L 64.10499752 54.77500094 64.40499946 54.77500094 1 P 0
L 64.14500506 42.21699964 64.14500506 45.01699912 1 P 0
L 64.20000114 3.80000002 64.20000114 6.5999995 1 P 0
L 64.20000114 10.2669975 64.20000114 13.06699698 1 P 0
L 64.20000114 21.01699632 64.20000114 23.8169958 1 P 0
L 64.40499946 51.97500146 64.40499946 54.77500094 1 P 0
L 69.9999997 32.30000144 69.9999997 35.10000092 1 P 0
L 69.9999997 32.30000144 70.30000164 32.30000144 1 P 0
L 69.9999997 33.70000118 71.40000198 33.70000118 1 P 0
L 69.9999997 35.10000092 70.30000164 35.10000092 1 P 0
L 71.10000004 32.30000144 71.40000198 32.30000144 1 P 0
L 71.10000004 35.10000092 71.40000198 35.10000092 1 P 0
L 71.40000198 32.30000144 71.40000198 35.10000092 1 P 0
L 75.40100236 38.03200166 75.40100236 46.66800166 0 P 0
L 75.40100236 38.03200166 84.67200236 38.03200166 0 P 0
L 75.40100236 46.66800166 84.67200236 46.66800166 0 P 0
L 75.45599844 6.08199952 75.45599844 14.71799952 0 P 0
L 75.45599844 6.08199952 84.72699844 6.08199952 0 P 0
L 75.45599844 14.71799952 84.72699844 14.71799952 0 P 0
L 75.45599844 16.83199834 75.45599844 25.46799834 0 P 0
L 75.45599844 16.83199834 84.72699844 16.83199834 0 P 0
L 75.45599844 25.46799834 84.72699844 25.46799834 0 P 0
L 75.45599844 27.8319992 75.45599844 36.4679992 0 P 0
L 75.45599844 27.8319992 84.72699844 27.8319992 0 P 0
L 75.45599844 36.4679992 84.72699844 36.4679992 0 P 0
L 75.65599804 48.9570014 75.65599804 57.5930014 0 P 0
L 75.65599804 48.9570014 84.92699804 48.9570014 0 P 0
L 75.65599804 57.5930014 84.92699804 57.5930014 0 P 0
L 84.67200236 38.03200166 84.67200236 46.66800166 0 P 0
L 84.72699844 6.08199952 84.72699844 14.71799952 0 P 0
L 84.72699844 16.83199834 84.72699844 25.46799834 0 P 0
L 84.72699844 27.8319992 84.72699844 36.4679992 0 P 0
L 84.92699804 48.9570014 84.92699804 57.5930014 0 P 0
L 88.85899678 28.1140027 88.85899678 36.7500027 0 P 0
L 88.85899678 28.1140027 98.12999678 28.1140027 0 P 0
L 88.85899678 36.7500027 98.12999678 36.7500027 0 P 0
L 88.85899678 37.65600038 88.85899678 46.29200038 0 P 0
L 88.85899678 37.65600038 98.12999678 37.65600038 0 P 0
L 88.85899678 46.29200038 98.12999678 46.29200038 0 P 0
L 89.00099548 47.498 89.00099548 56.134 0 P 0
L 89.00099548 47.498 98.27199548 47.498 0 P 0
L 89.00099548 56.134 98.27199548 56.134 0 P 0
L 89.35899832 5.46184328 89.35899832 14.09784328 0 P 0
L 89.35899832 5.46184328 98.62999832 5.46184328 0 P 0
L 89.35899832 14.09784328 98.62999832 14.09784328 0 P 0
L 89.35899832 17.46184214 89.35899832 26.09784214 0 P 0
L 89.35899832 17.46184214 98.62999832 17.46184214 0 P 0
L 89.35899832 26.09784214 98.62999832 26.09784214 0 P 0
L 98.12999678 28.1140027 98.12999678 36.7500027 0 P 0
L 98.12999678 37.65600038 98.12999678 46.29200038 0 P 0
L 98.27199548 47.498 98.27199548 56.134 0 P 0
L 98.62999832 5.46184328 98.62999832 14.09784328 0 P 0
L 98.62999832 17.46184214 98.62999832 26.09784214 0 P 0
L 98.90000032 37.79999806 98.90000032 38.1 1 P 0
L 98.90000032 37.79999806 101.6999998 37.79999806 1 P 0
L 98.90000032 38.8999984 98.90000032 39.20000034 1 P 0
L 98.90000032 39.20000034 101.6999998 39.20000034 1 P 0
L 99.09999992 54.89999942 99.09999992 57.6999989 1 P 0
L 99.09999992 54.89999942 99.40000186 54.89999942 1 P 0
L 99.09999992 56.29999916 100.5000022 56.29999916 1 P 0
L 99.09999992 57.6999989 99.40000186 57.6999989 1 P 0
L 99.89999832 28.22999942 99.89999832 30.76999942 1 P 0
L 99.89999832 28.22999942 100.09199946 28.22999942 1 P 0
L 99.89999832 29.49999942 101.3000006 29.49999942 1 P 0
L 99.89999832 30.76999942 100.09199946 30.76999942 1 P 0
L 99.99999812 5.5299991 99.99999812 8.0699991 1 P 0
L 99.99999812 5.5299991 100.19199926 5.5299991 1 P 0
L 99.99999812 6.7999991 101.4000004 6.7999991 1 P 0
L 99.99999812 8.0699991 100.19199926 8.0699991 1 P 0
L 99.99999812 17.5300005 99.99999812 20.0700005 1 P 0
L 99.99999812 17.5300005 100.19199926 17.5300005 1 P 0
L 99.99999812 18.8000005 101.4000004 18.8000005 1 P 0
L 99.99999812 20.0700005 100.19199926 20.0700005 1 P 0
L 100.20000026 54.89999942 100.5000022 54.89999942 1 P 0
L 100.20000026 57.6999989 100.5000022 57.6999989 1 P 0
L 100.30000006 37.79999806 100.30000006 39.20000034 1 P 0
L 100.5000022 54.89999942 100.5000022 57.6999989 1 P 0
L 100.89999886 42.22999936 100.89999886 44.76999936 1 P 0
L 100.89999886 42.22999936 101.092 42.22999936 1 P 0
L 100.89999886 43.49999936 102.30000114 43.49999936 1 P 0
L 100.89999886 44.76999936 101.092 44.76999936 1 P 0
L 100.89999886 52.12999988 100.89999886 54.66999988 1 P 0
L 100.89999886 52.12999988 101.092 52.12999988 1 P 0
L 100.89999886 53.39999988 102.30000114 53.39999988 1 P 0
L 100.89999886 54.66999988 101.092 54.66999988 1 P 0
L 101.10799946 28.22999942 101.3000006 28.22999942 1 P 0
L 101.10799946 30.76999942 101.3000006 30.76999942 1 P 0
L 101.20799926 5.5299991 101.4000004 5.5299991 1 P 0
L 101.20799926 8.0699991 101.4000004 8.0699991 1 P 0
L 101.20799926 17.5300005 101.4000004 17.5300005 1 P 0
L 101.20799926 20.0700005 101.4000004 20.0700005 1 P 0
L 101.3000006 28.22999942 101.3000006 30.76999942 1 P 0
L 101.4000004 5.5299991 101.4000004 8.0699991 1 P 0
L 101.4000004 17.5300005 101.4000004 20.0700005 1 P 0
L 101.66223762 9.48509152 101.66223762 12.285091 1 P 0
L 101.66223762 9.48509152 101.96223956 9.48509152 1 P 0
L 101.66223762 10.88509126 103.0622399 10.88509126 1 P 0
L 101.66223762 12.285091 101.96223956 12.285091 1 P 0
L 101.6999998 37.79999806 101.6999998 38.1 1 P 0
L 101.6999998 38.8999984 101.6999998 39.20000034 1 P 0
L 102.108 42.22999936 102.30000114 42.22999936 1 P 0
L 102.108 44.76999936 102.30000114 44.76999936 1 P 0
L 102.108 52.12999988 102.30000114 52.12999988 1 P 0
L 102.108 54.66999988 102.30000114 54.66999988 1 P 0
L 102.30000114 42.22999936 102.30000114 44.76999936 1 P 0
L 102.30000114 52.12999988 102.30000114 54.66999988 1 P 0
L 102.76223796 9.48509152 103.0622399 9.48509152 1 P 0
L 102.76223796 12.285091 103.0622399 12.285091 1 P 0
L 103.0622399 9.48509152 103.0622399 12.285091 1 P 0
L 105.82500044 27.79999774 105.82500044 28.09999968 1 P 0
L 105.82500044 27.79999774 108.62499992 27.79999774 1 P 0
L 105.82500044 28.89999808 105.82500044 29.20000002 1 P 0
L 105.82500044 29.20000002 108.62499992 29.20000002 1 P 0
L 105.95799992 37.55799956 105.95799992 40.35799904 1 P 0
L 105.95799992 37.55799956 106.25800186 37.55799956 1 P 0
L 105.95799992 38.9579993 107.3580022 38.9579993 1 P 0
L 105.95799992 40.35799904 106.25800186 40.35799904 1 P 0
L 106.09999862 47.39999918 106.09999862 50.19999866 1 P 0
L 106.09999862 47.39999918 106.40000056 47.39999918 1 P 0
L 106.09999862 48.79999892 107.5000009 48.79999892 1 P 0
L 106.09999862 50.19999866 106.40000056 50.19999866 1 P 0
L 106.15799952 30.41600216 106.15799952 33.21600164 1 P 0
L 106.15799952 30.41600216 106.45800146 30.41600216 1 P 0
L 106.15799952 31.8160019 107.5580018 31.8160019 1 P 0
L 106.15799952 33.21600164 106.45800146 33.21600164 1 P 0
L 106.45800146 5.36384246 106.45800146 8.16384194 1 P 0
L 106.45800146 5.36384246 106.7580034 5.36384246 1 P 0
L 106.45800146 6.7638422 107.85800374 6.7638422 1 P 0
L 106.45800146 8.16384194 106.7580034 8.16384194 1 P 0
L 106.45800146 17.36384132 106.45800146 20.1638408 1 P 0
L 106.45800146 17.36384132 106.7580034 17.36384132 1 P 0
L 106.45800146 18.76384106 107.85800374 18.76384106 1 P 0
L 106.45800146 20.1638408 106.7580034 20.1638408 1 P 0
L 107.05800026 37.55799956 107.3580022 37.55799956 1 P 0
L 107.05800026 40.35799904 107.3580022 40.35799904 1 P 0
L 107.19999896 47.39999918 107.5000009 47.39999918 1 P 0
L 107.19999896 50.19999866 107.5000009 50.19999866 1 P 0
L 107.22500018 27.79999774 107.22500018 29.20000002 1 P 0
L 107.25799986 30.41600216 107.5580018 30.41600216 1 P 0
L 107.25799986 33.21600164 107.5580018 33.21600164 1 P 0
L 107.3580022 37.55799956 107.3580022 40.35799904 1 P 0
L 107.5000009 47.39999918 107.5000009 50.19999866 1 P 0
L 107.5580018 5.36384246 107.85800374 5.36384246 1 P 0
L 107.5580018 8.16384194 107.85800374 8.16384194 1 P 0
L 107.5580018 17.36384132 107.85800374 17.36384132 1 P 0
L 107.5580018 20.1638408 107.85800374 20.1638408 1 P 0
L 107.5580018 30.41600216 107.5580018 33.21600164 1 P 0
L 107.85800374 5.36384246 107.85800374 8.16384194 1 P 0
L 107.85800374 17.36384132 107.85800374 20.1638408 1 P 0
L 108.62499992 27.79999774 108.62499992 28.09999968 1 P 0
L 108.62499992 28.89999808 108.62499992 29.20000002 1 P 0
L 114.3 17.39999822 114.3 17.70000016 1 P 0
L 114.3 17.39999822 117.09999948 17.39999822 1 P 0
L 114.3 18.49999856 114.3 18.8000005 1 P 0
L 114.3 18.8000005 117.09999948 18.8000005 1 P 0
L 115.69999974 17.39999822 115.69999974 18.8000005 1 P 0
L 117.09999948 17.39999822 117.09999948 17.70000016 1 P 0
L 117.09999948 18.49999856 117.09999948 18.8000005 1 P 0
L 118.15599686 27.91500386 118.15599686 36.55100386 0 P 0
L 118.15599686 27.91500386 127.42699686 27.91500386 0 P 0
L 118.15599686 36.55100386 127.42699686 36.55100386 0 P 0
L 118.15599686 37.45700154 118.15599686 46.09300154 0 P 0
L 118.15599686 37.45700154 127.42699686 37.45700154 0 P 0
L 118.15599686 46.09300154 127.42699686 46.09300154 0 P 0
L 118.29799556 47.29900116 118.29799556 55.93500116 0 P 0
L 118.29799556 47.29900116 127.56899556 47.29900116 0 P 0
L 118.29799556 55.93500116 127.56899556 55.93500116 0 P 0
L 118.6559984 5.26284444 118.6559984 13.89884444 0 P 0
L 118.6559984 5.26284444 127.9269984 5.26284444 0 P 0
L 118.6559984 13.89884444 127.9269984 13.89884444 0 P 0
L 118.6559984 17.2628433 118.6559984 25.8988433 0 P 0
L 118.6559984 17.2628433 127.9269984 17.2628433 0 P 0
L 118.6559984 25.8988433 127.9269984 25.8988433 0 P 0
L 127.42699686 27.91500386 127.42699686 36.55100386 0 P 0
L 127.42699686 37.45700154 127.42699686 46.09300154 0 P 0
L 127.56899556 47.29900116 127.56899556 55.93500116 0 P 0
L 127.9269984 5.26284444 127.9269984 13.89884444 0 P 0
L 127.9269984 17.2628433 127.9269984 25.8988433 0 P 0
L 130.10099456 5.46700202 130.10099456 14.10300202 0 P 0
L 130.10099456 5.46700202 139.37199456 5.46700202 0 P 0
L 130.10099456 14.10300202 139.37199456 14.10300202 0 P 0
L 130.30099416 17.26700128 130.30099416 25.90300128 0 P 0
L 130.30099416 17.26700128 139.57199416 17.26700128 0 P 0
L 130.30099416 25.90300128 139.57199416 25.90300128 0 P 0
L 130.30099416 27.2670016 130.30099416 35.9030016 0 P 0
L 130.30099416 27.2670016 139.57199416 27.2670016 0 P 0
L 130.30099416 35.9030016 139.57199416 35.9030016 0 P 0
L 130.30099416 37.26700192 130.30099416 45.90300192 0 P 0
L 130.30099416 37.26700192 139.57199416 37.26700192 0 P 0
L 130.30099416 45.90300192 139.57199416 45.90300192 0 P 0
L 130.30099416 47.26700224 130.30099416 55.90300224 0 P 0
L 130.30099416 47.26700224 139.57199416 47.26700224 0 P 0
L 130.30099416 55.90300224 139.57199416 55.90300224 0 P 0
L 139.37199456 5.46700202 139.37199456 14.10300202 0 P 0
L 139.57199416 17.26700128 139.57199416 25.90300128 0 P 0
L 139.57199416 27.2670016 139.57199416 35.9030016 0 P 0
L 139.57199416 37.26700192 139.57199416 45.90300192 0 P 0
L 139.57199416 47.26700224 139.57199416 55.90300224 0 P 0
L 140.70000054 31.8999997 140.70000054 32.20000164 1 P 0
L 140.70000054 31.8999997 143.50000002 31.8999997 1 P 0
L 140.70000054 33.00000004 140.70000054 33.30000198 1 P 0
L 140.70000054 33.30000198 143.50000002 33.30000198 1 P 0
L 140.8999976 27.22999888 140.8999976 29.76999888 1 P 0
L 140.8999976 27.22999888 141.09199874 27.22999888 1 P 0
L 140.8999976 28.49999888 142.29999988 28.49999888 1 P 0
L 140.8999976 29.76999888 141.09199874 29.76999888 1 P 0
L 140.99999994 37.2299992 140.99999994 39.7699992 1 P 0
L 140.99999994 37.2299992 141.19200108 37.2299992 1 P 0
L 140.99999994 38.4999992 142.40000222 38.4999992 1 P 0
L 140.99999994 39.7699992 141.19200108 39.7699992 1 P 0
L 141.22500076 46.39999864 141.22500076 46.70000058 1 P 0
L 141.22500076 46.39999864 144.02500024 46.39999864 1 P 0
L 141.22500076 47.49999898 141.22500076 47.80000092 1 P 0
L 141.22500076 47.80000092 144.02500024 47.80000092 1 P 0
L 141.42999908 52.39999934 141.42999908 52.59200048 1 P 0
L 141.42999908 52.39999934 143.96999908 52.39999934 1 P 0
L 141.42999908 53.60800048 141.42999908 53.80000162 1 P 0
L 141.42999908 53.80000162 143.96999908 53.80000162 1 P 0
L 142.10000028 31.8999997 142.10000028 33.30000198 1 P 0
L 142.10799874 27.22999888 142.29999988 27.22999888 1 P 0
L 142.10799874 29.76999888 142.29999988 29.76999888 1 P 0
L 142.20800108 37.2299992 142.40000222 37.2299992 1 P 0
L 142.20800108 39.7699992 142.40000222 39.7699992 1 P 0
L 142.29999988 27.22999888 142.29999988 29.76999888 1 P 0
L 142.40000222 37.2299992 142.40000222 39.7699992 1 P 0
L 142.6250005 46.39999864 142.6250005 47.80000092 1 P 0
L 142.69999908 52.39999934 142.69999908 53.80000162 1 P 0
L 143.50000002 31.8999997 143.50000002 32.20000164 1 P 0
L 143.50000002 33.00000004 143.50000002 33.30000198 1 P 0
L 143.96999908 52.39999934 143.96999908 52.59200048 1 P 0
L 143.96999908 53.60800048 143.96999908 53.80000162 1 P 0
L 144.02500024 46.39999864 144.02500024 46.70000058 1 P 0
L 144.02500024 47.49999898 144.02500024 47.80000092 1 P 0
L 144.20000116 37.69999826 144.20000116 38.0000002 1 P 0
L 144.20000116 37.69999826 147.00000064 37.69999826 1 P 0
L 144.20000116 38.7999986 144.20000116 39.10000054 1 P 0
L 144.20000116 39.10000054 147.00000064 39.10000054 1 P 0
L 145.49999856 15.93000116 145.49999856 18.47000116 1 P 0
L 145.49999856 15.93000116 145.6919997 15.93000116 1 P 0
L 145.49999856 17.20000116 146.90000084 17.20000116 1 P 0
L 145.49999856 18.47000116 145.6919997 18.47000116 1 P 0
L 145.6000009 37.69999826 145.6000009 39.10000054 1 P 0
L 145.79999796 5.19999976 145.79999796 7.99999924 1 P 0
L 145.79999796 5.19999976 146.0999999 5.19999976 1 P 0
L 145.79999796 6.5999995 147.20000024 6.5999995 1 P 0
L 145.79999796 7.99999924 146.0999999 7.99999924 1 P 0
L 146.26900134 41.60000062 146.26900134 41.90000256 1 P 0
L 146.26900134 41.60000062 149.06900082 41.60000062 1 P 0
L 146.26900134 42.70000096 146.26900134 43.0000029 1 P 0
L 146.26900134 43.0000029 149.06900082 43.0000029 1 P 0
L 146.7079997 15.93000116 146.90000084 15.93000116 1 P 0
L 146.7079997 18.47000116 146.90000084 18.47000116 1 P 0
L 146.8999983 5.19999976 147.20000024 5.19999976 1 P 0
L 146.8999983 7.99999924 147.20000024 7.99999924 1 P 0
L 146.90000084 15.93000116 146.90000084 18.47000116 1 P 0
L 147.00000064 37.69999826 147.00000064 38.0000002 1 P 0
L 147.00000064 38.7999986 147.00000064 39.10000054 1 P 0
L 147.20000024 5.19999976 147.20000024 7.99999924 1 P 0
L 147.3999973 17.16900046 147.3999973 19.96899994 1 P 0
L 147.3999973 17.16900046 147.69999924 17.16900046 1 P 0
L 147.3999973 18.5690002 148.79999958 18.5690002 1 P 0
L 147.3999973 19.96899994 147.69999924 19.96899994 1 P 0
L 147.3999973 27.16900078 147.3999973 29.96900026 1 P 0
L 147.3999973 27.16900078 147.69999924 27.16900078 1 P 0
L 147.3999973 28.56900052 148.79999958 28.56900052 1 P 0
L 147.3999973 29.96900026 147.69999924 29.96900026 1 P 0
L 147.3999973 47.16900142 147.3999973 49.9690009 1 P 0
L 147.3999973 47.16900142 147.69999924 47.16900142 1 P 0
L 147.3999973 48.56900116 148.79999958 48.56900116 1 P 0
L 147.3999973 49.9690009 147.69999924 49.9690009 1 P 0
L 147.49999964 15.59999928 147.49999964 15.90000122 1 P 0
L 147.49999964 15.59999928 150.29999912 15.59999928 1 P 0
L 147.49999964 16.69999962 147.49999964 17.00000156 1 P 0
L 147.49999964 17.00000156 150.29999912 17.00000156 1 P 0
L 147.66900108 41.60000062 147.66900108 43.0000029 1 P 0
L 148.49999764 17.16900046 148.79999958 17.16900046 1 P 0
L 148.49999764 19.96899994 148.79999958 19.96899994 1 P 0
L 148.49999764 27.16900078 148.79999958 27.16900078 1 P 0
L 148.49999764 29.96900026 148.79999958 29.96900026 1 P 0
L 148.49999764 47.16900142 148.79999958 47.16900142 1 P 0
L 148.49999764 49.9690009 148.79999958 49.9690009 1 P 0
L 148.79999958 17.16900046 148.79999958 19.96899994 1 P 0
L 148.79999958 27.16900078 148.79999958 29.96900026 1 P 0
L 148.79999958 47.16900142 148.79999958 49.9690009 1 P 0
L 148.89999938 15.59999928 148.89999938 17.00000156 1 P 0
L 149.06900082 41.60000062 149.06900082 41.90000256 1 P 0
L 149.06900082 42.70000096 149.06900082 43.0000029 1 P 0
L 150.29999912 7.23000078 150.29999912 9.77000078 1 P 0
L 150.29999912 7.23000078 150.49200026 7.23000078 1 P 0
L 150.29999912 8.50000078 151.7000014 8.50000078 1 P 0
L 150.29999912 9.77000078 150.49200026 9.77000078 1 P 0
L 150.29999912 15.59999928 150.29999912 15.90000122 1 P 0
L 150.29999912 16.69999962 150.29999912 17.00000156 1 P 0
L 151.50800026 7.23000078 151.7000014 7.23000078 1 P 0
L 151.50800026 9.77000078 151.7000014 9.77000078 1 P 0
L 151.7000014 7.23000078 151.7000014 9.77000078 1 P 0
L 153.94999944 7.77500096 153.94999944 10.57500044 1 P 0
L 153.94999944 7.77500096 154.25000138 7.77500096 1 P 0
L 153.94999944 9.1750007 155.35000172 9.1750007 1 P 0
L 153.94999944 10.57500044 154.25000138 10.57500044 1 P 0
L 155.04999978 7.77500096 155.35000172 7.77500096 1 P 0
L 155.04999978 10.57500044 155.35000172 10.57500044 1 P 0
L 155.35000172 7.77500096 155.35000172 10.57500044 1 P 0
L 159.39799464 5.26800318 159.39799464 13.90400318 0 P 0
L 159.39799464 5.26800318 168.66899464 5.26800318 0 P 0
L 159.39799464 13.90400318 168.66899464 13.90400318 0 P 0
L 159.59799424 17.06800244 159.59799424 25.70400244 0 P 0
L 159.59799424 17.06800244 168.86899424 17.06800244 0 P 0
L 159.59799424 25.70400244 168.86899424 25.70400244 0 P 0
L 159.59799424 27.06800276 159.59799424 35.70400276 0 P 0
L 159.59799424 27.06800276 168.86899424 27.06800276 0 P 0
L 159.59799424 35.70400276 168.86899424 35.70400276 0 P 0
L 159.59799424 37.06800308 159.59799424 45.70400308 0 P 0
L 159.59799424 37.06800308 168.86899424 37.06800308 0 P 0
L 159.59799424 45.70400308 168.86899424 45.70400308 0 P 0
L 159.59799424 47.0680034 159.59799424 55.7040034 0 P 0
L 159.59799424 47.0680034 168.86899424 47.0680034 0 P 0
L 159.59799424 55.7040034 168.86899424 55.7040034 0 P 0
L 168.66899464 5.26800318 168.66899464 13.90400318 0 P 0
L 168.86899424 17.06800244 168.86899424 25.70400244 0 P 0
L 168.86899424 27.06800276 168.86899424 35.70400276 0 P 0
L 168.86899424 37.06800308 168.86899424 45.70400308 0 P 0
L 168.86899424 47.0680034 168.86899424 55.7040034 0 P 0
