UNITS=MM
#Layer_Color=9474304
#
#Feature symbol names
#
$0 r169.33164
$1 r127

#
#Feature attribute names
#

#
#Layer features
#
A 128.905 73.406 128.905 73.406 128.397 73.406 0 P 0 N
A 129.27199952 91.29899952 129.27199952 91.29899952 128.76399952 91.29899952 0 P 0 N
L 66.81199998 61.47799998 66.81199998 62.49399998 1 P 0
L 66.81199998 61.47799998 67.82799998 61.47799998 1 P 0
L 66.81199998 62.49399998 67.82799998 62.49399998 1 P 0
L 66.81199998 65.913 66.81199998 66.929 1 P 0
L 66.81199998 65.913 67.82799998 65.913 1 P 0
L 66.81199998 66.929 67.82799998 66.929 1 P 0
L 66.81199998 70.34800002 66.81199998 71.36400002 1 P 0
L 66.81199998 70.34800002 67.82799998 70.34800002 1 P 0
L 66.81199998 71.36400002 67.82799998 71.36400002 1 P 0
L 66.82199996 84.84599998 66.82199996 85.86199998 1 P 0
L 66.82199996 84.84599998 67.83799996 84.84599998 1 P 0
L 66.82199996 85.86199998 67.83799996 85.86199998 1 P 0
L 66.82199996 89.281 66.82199996 90.297 1 P 0
L 66.82199996 89.281 67.83799996 89.281 1 P 0
L 66.82199996 90.297 67.83799996 90.297 1 P 0
L 66.82199996 93.71600002 66.82199996 94.73200002 1 P 0
L 66.82199996 93.71600002 67.83799996 93.71600002 1 P 0
L 66.82199996 94.73200002 67.83799996 94.73200002 1 P 0
L 67.82799998 61.47799998 67.82799998 62.49399998 1 P 0
L 67.82799998 65.913 67.82799998 66.929 1 P 0
L 67.82799998 70.34800002 67.82799998 71.36400002 1 P 0
L 67.83799996 84.84599998 67.83799996 85.86199998 1 P 0
L 67.83799996 89.281 67.83799996 90.297 1 P 0
L 67.83799996 93.71600002 67.83799996 94.73200002 1 P 0
L 71.247 61.47799998 71.247 62.49399998 1 P 0
L 71.247 61.47799998 72.263 61.47799998 1 P 0
L 71.247 62.49399998 72.263 62.49399998 1 P 0
L 71.247 65.913 71.247 66.929 1 P 0
L 71.247 65.913 72.263 65.913 1 P 0
L 71.247 66.929 72.263 66.929 1 P 0
L 71.247 70.34800002 71.247 71.36400002 1 P 0
L 71.247 70.34800002 72.263 70.34800002 1 P 0
L 71.247 71.36400002 72.263 71.36400002 1 P 0
L 71.25699998 84.84599998 71.25699998 85.86199998 1 P 0
L 71.25699998 84.84599998 72.27299998 84.84599998 1 P 0
L 71.25699998 85.86199998 72.27299998 85.86199998 1 P 0
L 71.25699998 89.281 71.25699998 90.297 1 P 0
L 71.25699998 89.281 72.27299998 89.281 1 P 0
L 71.25699998 90.297 72.27299998 90.297 1 P 0
L 71.25699998 93.71600002 71.25699998 94.73200002 1 P 0
L 71.25699998 93.71600002 72.27299998 93.71600002 1 P 0
L 71.25699998 94.73200002 72.27299998 94.73200002 1 P 0
L 72.263 61.47799998 72.263 62.49399998 1 P 0
L 72.263 65.913 72.263 66.929 1 P 0
L 72.263 70.34800002 72.263 71.36400002 1 P 0
L 72.27299998 84.84599998 72.27299998 85.86199998 1 P 0
L 72.27299998 89.281 72.27299998 90.297 1 P 0
L 72.27299998 93.71600002 72.27299998 94.73200002 1 P 0
L 75.68200002 61.47799998 75.68200002 62.49399998 1 P 0
L 75.68200002 61.47799998 76.69800002 61.47799998 1 P 0
L 75.68200002 62.49399998 76.69800002 62.49399998 1 P 0
L 75.68200002 65.913 75.68200002 66.929 1 P 0
L 75.68200002 65.913 76.69800002 65.913 1 P 0
L 75.68200002 66.929 76.69800002 66.929 1 P 0
L 75.68200002 70.34800002 75.68200002 71.36400002 1 P 0
L 75.68200002 70.34800002 76.69800002 70.34800002 1 P 0
L 75.68200002 71.36400002 76.69800002 71.36400002 1 P 0
L 75.692 84.84599998 75.692 85.86199998 1 P 0
L 75.692 84.84599998 76.708 84.84599998 1 P 0
L 75.692 85.86199998 76.708 85.86199998 1 P 0
L 75.692 89.281 75.692 90.297 1 P 0
L 75.692 89.281 76.708 89.281 1 P 0
L 75.692 90.297 76.708 90.297 1 P 0
L 75.692 93.71600002 75.692 94.73200002 1 P 0
L 75.692 93.71600002 76.708 93.71600002 1 P 0
L 75.692 94.73200002 76.708 94.73200002 1 P 0
L 76.69800002 61.47799998 76.69800002 62.49399998 1 P 0
L 76.69800002 65.913 76.69800002 66.929 1 P 0
L 76.69800002 70.34800002 76.69800002 71.36400002 1 P 0
L 76.708 84.84599998 76.708 85.86199998 1 P 0
L 76.708 89.281 76.708 90.297 1 P 0
L 76.708 93.71600002 76.708 94.73200002 1 P 0
L 124.95399952 69.96299952 124.95399952 70.97899952 1 P 0
L 124.95399952 69.96299952 125.96999952 69.96299952 1 P 0
L 124.95399952 70.97899952 125.96999952 70.97899952 1 P 0
L 124.95399952 75.83300048 124.95399952 76.84900048 1 P 0
L 124.95399952 75.83300048 125.96999952 75.83300048 1 P 0
L 124.95399952 76.84900048 125.96999952 76.84900048 1 P 0
L 125.32099904 87.85599904 125.32099904 88.87199904 1 P 0
L 125.32099904 87.85599904 126.33699904 87.85599904 1 P 0
L 125.32099904 88.87199904 126.33699904 88.87199904 1 P 0
L 125.32099904 93.726 125.32099904 94.742 1 P 0
L 125.32099904 93.726 126.33699904 93.726 1 P 0
L 125.32099904 94.742 126.33699904 94.742 1 P 0
L 125.96999952 69.96299952 125.96999952 70.97899952 1 P 0
L 125.96999952 75.83300048 125.96999952 76.84900048 1 P 0
L 126.33699904 87.85599904 126.33699904 88.87199904 1 P 0
L 126.33699904 93.726 126.33699904 94.742 1 P 0
L 130.82400048 69.96299952 130.82400048 70.97899952 1 P 0
L 130.82400048 69.96299952 131.84000048 69.96299952 1 P 0
L 130.82400048 70.97899952 131.84000048 70.97899952 1 P 0
L 130.82400048 75.83300048 130.82400048 76.84900048 1 P 0
L 130.82400048 75.83300048 131.84000048 75.83300048 1 P 0
L 130.82400048 76.84900048 131.84000048 76.84900048 1 P 0
L 131.191 87.85599904 131.191 88.87199904 1 P 0
L 131.191 87.85599904 132.207 87.85599904 1 P 0
L 131.191 88.87199904 132.207 88.87199904 1 P 0
L 131.191 93.726 131.191 94.742 1 P 0
L 131.191 93.726 132.207 93.726 1 P 0
L 131.191 94.742 132.207 94.742 1 P 0
L 131.84000048 69.96299952 131.84000048 70.97899952 1 P 0
L 131.84000048 75.83300048 131.84000048 76.84900048 1 P 0
L 132.207 87.85599904 132.207 88.87199904 1 P 0
L 132.207 93.726 132.207 94.742 1 P 0
