UNITS=MM
#Layer_Color=32768
#
#Feature symbol names
#
$0 r199.9996
$1 r49.9999
$2 r99.9998

#
#Feature attribute names
#

#
#Layer features
#
L 71.7360008 76.09800122 71.7360008 95.09799878 0 P 0
L 71.7360008 76.09800122 85.2359992 76.09800122 0 P 0
L 71.7360008 95.09799878 85.2359992 95.09799878 0 P 0
L 77.986001 85.598 78.985999 85.598 0 P 0
L 78.486 85.098001 78.486 86.097999 0 P 0
L 80.92400122 59.2900008 80.92400122 72.7899992 0 P 0
L 80.92400122 59.2900008 99.92399878 59.2900008 0 P 0
L 80.92400122 72.7899992 99.92399878 72.7899992 0 P 0
L 85.2359992 76.09800122 85.2359992 95.09799878 0 P 0
L 89.924001 66.04 90.923999 66.04 0 P 0
L 90.424 65.540001 90.424 66.539999 0 P 0
L 98.47199762 86.3720015 98.47199762 87.87200104 1 P 0
L 98.47199762 86.3720015 101.17199984 86.3720015 1 P 0
L 98.47199762 87.87200104 101.17199984 87.87200104 1 P 0
L 98.56399896 87.93099762 98.56399896 90.63099984 1 P 0
L 98.56399896 87.93099762 100.0639985 87.93099762 1 P 0
L 98.56399896 90.63099984 100.0639985 90.63099984 1 P 0
L 98.83899968 89.281 99.78900032 89.281 2 P 0
L 99.314 88.80599968 99.314 89.75599778 2 P 0
L 99.34699968 87.122 100.29699778 87.122 2 P 0
L 99.822 86.64699968 99.822 87.59700032 2 P 0
L 99.92399878 59.2900008 99.92399878 72.7899992 0 P 0
L 100.0639985 87.93099762 100.0639985 90.63099984 1 P 0
L 101.17199984 86.3720015 101.17199984 87.87200104 1 P 0
L 101.51999762 84.7210015 101.51999762 86.22100104 1 P 0
L 101.51999762 84.7210015 104.21999984 84.7210015 1 P 0
L 101.51999762 86.22100104 104.21999984 86.22100104 1 P 0
L 102.39499968 85.471 103.34499778 85.471 2 P 0
L 102.87 84.99599968 102.87 85.94600032 2 P 0
L 104.21999984 84.7210015 104.21999984 86.22100104 1 P 0
L 104.44100016 84.72099896 104.44100016 86.2209985 1 P 0
L 104.44100016 84.72099896 107.14100238 84.72099896 1 P 0
L 104.44100016 86.2209985 107.14100238 86.2209985 1 P 0
L 105.31600222 85.471 106.26600032 85.471 2 P 0
L 105.791 84.99599968 105.791 85.94600032 2 P 0
L 107.14100238 84.72099896 107.14100238 86.2209985 1 P 0
L 108.61000122 82.1500008 108.61000122 95.6499992 0 P 0
L 108.61000122 82.1500008 127.60999878 82.1500008 0 P 0
L 108.61000122 95.6499992 127.60999878 95.6499992 0 P 0
L 115.61700016 62.36899896 115.61700016 63.8689985 1 P 0
L 115.61700016 62.36899896 118.31700238 62.36899896 1 P 0
L 115.61700016 63.8689985 118.31700238 63.8689985 1 P 0
L 116.49200222 63.119 117.44200032 63.119 2 P 0
L 116.967 62.64399968 116.967 63.59400032 2 P 0
L 117.610001 88.9 118.609999 88.9 0 P 0
L 118.11 88.400001 118.11 89.399999 0 P 0
L 118.31700238 62.36899896 118.31700238 63.8689985 1 P 0
L 118.53799762 62.3690015 118.53799762 63.86900104 1 P 0
L 118.53799762 62.3690015 121.23799984 62.3690015 1 P 0
L 118.53799762 63.86900104 121.23799984 63.86900104 1 P 0
L 119.41299968 63.119 120.36299778 63.119 2 P 0
L 119.888 62.64399968 119.888 63.59400032 2 P 0
L 121.23799984 62.3690015 121.23799984 63.86900104 1 P 0
L 127.60999878 82.1500008 127.60999878 95.6499992 0 P 0
