UNITS=MM
#Layer_Color=9474304
#
#Feature symbol names
#
$0 r127

#
#Feature attribute names
#

#
#Layer features
#
L 80.49200056 57.54099998 82.3419994 57.54099998 0 P 0
L 80.49200056 61.976 82.3419994 61.976 0 P 0
L 80.49200056 66.41100002 82.3419994 66.41100002 0 P 0
L 81.41699998 56.61600056 81.41699998 58.4659994 0 P 0
L 81.41699998 61.05100058 81.41699998 62.90099942 0 P 0
L 81.41699998 65.4860006 81.41699998 67.33599944 0 P 0
L 84.92700058 57.54099998 86.77699942 57.54099998 0 P 0
L 84.92700058 61.976 86.77699942 61.976 0 P 0
L 84.92700058 66.41100002 86.77699942 66.41100002 0 P 0
L 85.852 56.61600056 85.852 58.4659994 0 P 0
L 85.852 61.05100058 85.852 62.90099942 0 P 0
L 85.852 65.4860006 85.852 67.33599944 0 P 0
L 87.8340001 90.28299952 89.68399894 90.28299952 0 P 0
L 87.8340001 96.15300048 89.68399894 96.15300048 0 P 0
L 88.75899952 89.3580001 88.75899952 91.20799894 0 P 0
L 88.75899952 95.22800106 88.75899952 97.0779999 0 P 0
L 89.3620006 57.54099998 91.21199944 57.54099998 0 P 0
L 89.3620006 61.976 91.21199944 61.976 0 P 0
L 89.3620006 66.41100002 91.21199944 66.41100002 0 P 0
L 89.59400166 93.218 93.79399834 93.218 0 P 0
L 90.28700002 56.61600056 90.28700002 58.4659994 0 P 0
L 90.28700002 61.05100058 90.28700002 62.90099942 0 P 0
L 90.28700002 65.4860006 90.28700002 67.33599944 0 P 0
L 91.694 91.11800166 91.694 95.31799834 0 P 0
L 93.70400106 90.28299952 95.5539999 90.28299952 0 P 0
L 93.70400106 96.15300048 95.5539999 96.15300048 0 P 0
L 94.62900048 89.3580001 94.62900048 91.20799894 0 P 0
L 94.62900048 95.22800106 94.62900048 97.0779999 0 P 0
L 112.0394 86.487 112.7506 86.487 0 P 0
L 112.1664 66.675 112.8776 66.675 0 P 0
L 112.395 86.1314 112.395 86.8426 0 P 0
L 112.522 66.3194 112.522 67.0306 0 P 0
