UNITS=MM
#Layer_Color=32768
#
#Feature symbol names
#
$0 r49.9999
$1 r99.9998
$2 r199.9996

#
#Feature attribute names
#

#
#Layer features
#
L 58.801 71.247 58.801 80.899 2 P 0
L 58.801 71.247 69.088 71.247 2 P 0
L 58.801 80.899 69.088 80.899 2 P 0
L 59.055 86.741 59.055 96.393 2 P 0
L 59.055 86.741 69.342 86.741 2 P 0
L 59.055 96.393 69.342 96.393 2 P 0
L 63.373 76.073 64.643 76.073 2 P 0
L 63.627 91.567 64.897 91.567 2 P 0
L 64.008 75.438 64.008 76.708 2 P 0
L 64.262 90.932 64.262 92.202 2 P 0
L 66.55999896 83.10500016 66.55999896 85.80499984 0 P 0
L 66.55999896 83.10500016 68.0599985 83.10500016 0 P 0
L 66.55999896 85.80499984 68.0599985 85.80499984 0 P 0
L 66.83499968 84.455 67.78499778 84.455 1 P 0
L 67.31 83.97999968 67.31 84.93000032 1 P 0
L 68.0599985 83.10500016 68.0599985 85.80499984 0 P 0
L 68.9730015 83.10500016 68.9730015 85.80499984 0 P 0
L 68.9730015 83.10500016 70.47300104 83.10500016 0 P 0
L 68.9730015 85.80499984 70.47300104 85.80499984 0 P 0
L 69.088 71.247 69.088 80.899 2 P 0
L 69.24800222 84.455 70.19800032 84.455 1 P 0
L 69.342 86.741 69.342 96.393 2 P 0
L 69.723 83.97999968 69.723 84.93000032 1 P 0
L 70.47300104 83.10500016 70.47300104 85.80499984 0 P 0
L 71.6400015 82.72400016 71.6400015 85.42399984 0 P 0
L 71.6400015 82.72400016 73.14000104 82.72400016 0 P 0
L 71.6400015 85.42399984 73.14000104 85.42399984 0 P 0
L 71.91500222 84.074 72.86500032 84.074 1 P 0
L 72.39 83.59899968 72.39 84.54900032 1 P 0
L 73.14000104 82.72400016 73.14000104 85.42399984 0 P 0
L 74.30699896 82.72400016 74.30699896 85.42399984 0 P 0
L 74.30699896 82.72400016 75.8069985 82.72400016 0 P 0
L 74.30699896 85.42399984 75.8069985 85.42399984 0 P 0
L 74.58199968 84.074 75.53199778 84.074 1 P 0
L 75.057 83.59899968 75.057 84.54900032 1 P 0
L 75.8069985 82.72400016 75.8069985 85.42399984 0 P 0
L 172.82799826 83.01999906 172.82799826 84.6199984 0 P 0
L 172.82799826 83.01999906 173.6279992 83.01999906 0 P 0
L 172.82799826 84.6199984 173.6279992 84.6199984 0 P 0
L 172.9280006 83.82 173.5279994 83.82 1 P 0
L 173.228 83.51999806 173.228 84.1199994 1 P 0
L 173.6279992 83.01999906 173.6279992 84.6199984 0 P 0
