UNITS=MM
#Layer_Color=9474304
#
#Feature symbol names
#
$0 r127

#
#Feature attribute names
#

#
#Layer features
#
L 10.7329986 9.69600296 12.1329958 9.69600296 0 P 0
L 10.7329986 13.50600296 12.1329958 13.50600296 0 P 0
L 10.9960029 19.7999985 12.3960001 19.7999985 0 P 0
L 10.9960029 23.6099985 12.3960001 23.6099985 0 P 0
L 11.12100392 29.89999862 12.52100112 29.89999862 0 P 0
L 11.12100392 33.70999862 12.52100112 33.70999862 0 P 0
L 11.13300034 40.19600038 12.53299754 40.19600038 0 P 0
L 11.13300034 44.00600038 12.53299754 44.00600038 0 P 0
L 11.32800376 50.14399928 12.72800096 50.14399928 0 P 0
L 11.32800376 53.95399928 12.72800096 53.95399928 0 P 0
L 11.4329972 8.99600436 11.4329972 10.39600156 0 P 0
L 11.4329972 12.80600436 11.4329972 14.20600156 0 P 0
L 11.6960015 19.0999999 11.6960015 20.4999971 0 P 0
L 11.6960015 22.9099999 11.6960015 24.3099971 0 P 0
L 11.82100252 29.20000002 11.82100252 30.59999722 0 P 0
L 11.82100252 33.01000002 11.82100252 34.40999722 0 P 0
L 11.83299894 39.49600178 11.83299894 40.89599898 0 P 0
L 11.83299894 43.30600178 11.83299894 44.70599898 0 P 0
L 12.02800236 49.44400068 12.02800236 50.84399788 0 P 0
L 12.02800236 53.25400068 12.02800236 54.65399788 0 P 0
L 16.2394011 37.973 16.9506011 37.973 0 P 0
L 16.44439688 49.74999956 17.15559688 49.74999956 0 P 0
L 16.54439922 18.6000009 17.25559922 18.6000009 0 P 0
L 16.5950011 37.6174 16.5950011 38.3286 0 P 0
L 16.79999688 49.39439956 16.79999688 50.10559956 0 P 0
L 16.89999922 18.2444009 16.89999922 18.9556009 0 P 0
L 17.24440036 8.40000098 17.95560036 8.40000098 0 P 0
L 17.60000036 8.04440098 17.60000036 8.75560098 0 P 0
L 20.83240436 27.70399844 21.54360436 27.70399844 0 P 0
L 20.84440078 38.0000002 21.55560078 38.0000002 0 P 0
L 21.14440018 49.79999946 21.85560018 49.79999946 0 P 0
L 21.18800436 27.34839844 21.18800436 28.05959844 0 P 0
L 21.20000078 37.6444002 21.20000078 38.3556002 0 P 0
L 21.50000018 49.44439946 21.50000018 50.15559946 0 P 0
L 28.54439808 8.40000352 29.25559808 8.40000352 0 P 0
L 28.89999808 8.04440352 28.89999808 8.75560352 0 P 0
L 29.64440096 20.39999984 30.35560096 20.39999984 0 P 0
L 30.00000096 20.04439984 30.00000096 20.75559984 0 P 0
L 33.55299868 9.49700412 34.95299588 9.49700412 0 P 0
L 33.55299868 13.30700412 34.95299588 13.30700412 0 P 0
L 33.81600298 19.60099966 35.21600018 19.60099966 0 P 0
L 33.81600298 23.41099966 35.21600018 23.41099966 0 P 0
L 33.941004 29.70099978 35.3410012 29.70099978 0 P 0
L 33.941004 33.51099978 35.3410012 33.51099978 0 P 0
L 33.95300042 39.99700154 35.35299762 39.99700154 0 P 0
L 33.95300042 43.80700154 35.35299762 43.80700154 0 P 0
L 34.14800384 49.94500044 35.54800104 49.94500044 0 P 0
L 34.14800384 53.75500044 35.54800104 53.75500044 0 P 0
L 34.25299728 8.79700552 34.25299728 10.19700272 0 P 0
L 34.25299728 12.60700552 34.25299728 14.00700272 0 P 0
L 34.51600158 18.90100106 34.51600158 20.30099826 0 P 0
L 34.51600158 22.71100106 34.51600158 24.11099826 0 P 0
L 34.6410026 29.00100118 34.6410026 30.40099838 0 P 0
L 34.6410026 32.81100118 34.6410026 34.21099838 0 P 0
L 34.65299902 39.29700294 34.65299902 40.69700014 0 P 0
L 34.65299902 43.10700294 34.65299902 44.50700014 0 P 0
L 34.84800244 49.24500184 34.84800244 50.64499904 0 P 0
L 34.84800244 53.05500184 34.84800244 54.45499904 0 P 0
L 53.27800368 40.6440005 54.67800088 40.6440005 0 P 0
L 53.27800368 44.4540005 54.67800088 44.4540005 0 P 0
L 53.33299976 8.69399836 54.73299696 8.69399836 0 P 0
L 53.33299976 12.50399836 54.73299696 12.50399836 0 P 0
L 53.33299976 19.44399718 54.73299696 19.44399718 0 P 0
L 53.33299976 23.25399718 54.73299696 23.25399718 0 P 0
L 53.33299976 30.44399804 54.73299696 30.44399804 0 P 0
L 53.33299976 34.25399804 54.73299696 34.25399804 0 P 0
L 53.53299936 51.56900024 54.93299656 51.56900024 0 P 0
L 53.53299936 55.37900024 54.93299656 55.37900024 0 P 0
L 53.97800228 39.9440019 53.97800228 41.3439991 0 P 0
L 53.97800228 43.7540019 53.97800228 45.1539991 0 P 0
L 54.03299836 7.99399976 54.03299836 9.39399696 0 P 0
L 54.03299836 11.80399976 54.03299836 13.20399696 0 P 0
L 54.03299836 18.74399858 54.03299836 20.14399578 0 P 0
L 54.03299836 22.55399858 54.03299836 23.95399578 0 P 0
L 54.03299836 29.74399944 54.03299836 31.14399664 0 P 0
L 54.03299836 33.55399944 54.03299836 34.95399664 0 P 0
L 54.23299796 50.86900164 54.23299796 52.26899884 0 P 0
L 54.23299796 54.67900164 54.23299796 56.07899884 0 P 0
L 58.54439904 40.20000088 59.25559904 40.20000088 0 P 0
L 58.64439884 50.9999996 59.35559884 50.9999996 0 P 0
L 58.89999904 39.84440088 58.89999904 40.55560088 0 P 0
L 58.99999884 50.6443996 58.99999884 51.3555996 0 P 0
L 61.24440126 12.89799554 61.95560126 12.89799554 0 P 0
L 61.60000126 12.54239554 61.60000126 13.25359554 0 P 0
L 61.64440046 52.00000014 62.35560046 52.00000014 0 P 0
L 62.00000046 51.64440014 62.00000046 52.35560014 0 P 0
L 63.04440274 14.09799568 63.75560274 14.09799568 0 P 0
L 63.18940372 45.81700006 63.90060372 45.81700006 0 P 0
L 63.2443998 24.61699674 63.9555998 24.61699674 0 P 0
L 63.40000274 13.74239568 63.40000274 14.45359568 0 P 0
L 63.54500372 45.46140006 63.54500372 46.17260006 0 P 0
L 63.5999998 24.26139674 63.5999998 24.97259674 0 P 0
L 64.55553764 31.43973646 65.26673764 31.43973646 0 P 0
L 64.84440168 52.09999994 65.55560168 52.09999994 0 P 0
L 64.91113764 31.08413646 64.91113764 31.79533646 0 P 0
L 65.04440128 12.39799654 65.75560128 12.39799654 0 P 0
L 65.145031 18.9796039 65.856231 18.9796039 0 P 0
L 65.20000168 51.74439994 65.20000168 52.45559994 0 P 0
L 65.40000128 12.04239654 65.40000128 12.75359654 0 P 0
L 65.500631 18.6240039 65.500631 19.3352039 0 P 0
L 67.44439902 4.19999922 68.15559902 4.19999922 0 P 0
L 67.79999902 3.84439922 67.79999902 4.55559922 0 P 0
L 70.44440064 35.90000186 71.15560064 35.90000186 0 P 0
L 70.80000064 35.54440186 70.80000064 36.25560186 0 P 0
L 76.09800376 40.44500166 77.49800096 40.44500166 0 P 0
L 76.09800376 44.25500166 77.49800096 44.25500166 0 P 0
L 76.15299984 8.49499952 77.55299704 8.49499952 0 P 0
L 76.15299984 12.30499952 77.55299704 12.30499952 0 P 0
L 76.15299984 19.24499834 77.55299704 19.24499834 0 P 0
L 76.15299984 23.05499834 77.55299704 23.05499834 0 P 0
L 76.15299984 30.2449992 77.55299704 30.2449992 0 P 0
L 76.15299984 34.0549992 77.55299704 34.0549992 0 P 0
L 76.35299944 51.3700014 77.75299664 51.3700014 0 P 0
L 76.35299944 55.1800014 77.75299664 55.1800014 0 P 0
L 76.79800236 39.74500306 76.79800236 41.14500026 0 P 0
L 76.79800236 43.55500306 76.79800236 44.95500026 0 P 0
L 76.85299844 7.79500092 76.85299844 9.19499812 0 P 0
L 76.85299844 11.60500092 76.85299844 13.00499812 0 P 0
L 76.85299844 18.54499974 76.85299844 19.94499694 0 P 0
L 76.85299844 22.35499974 76.85299844 23.75499694 0 P 0
L 76.85299844 29.5450006 76.85299844 30.9449978 0 P 0
L 76.85299844 33.3550006 76.85299844 34.7549978 0 P 0
L 77.05299804 50.6700028 77.05299804 52.07 0 P 0
L 77.05299804 54.4800028 77.05299804 55.88 0 P 0
L 96.03299818 30.5270027 97.43299538 30.5270027 0 P 0
L 96.03299818 34.3370027 97.43299538 34.3370027 0 P 0
L 96.03299818 40.06900038 97.43299538 40.06900038 0 P 0
L 96.03299818 43.87900038 97.43299538 43.87900038 0 P 0
L 96.17499688 49.911 97.57499408 49.911 0 P 0
L 96.17499688 53.721 97.57499408 53.721 0 P 0
L 96.53299972 7.87484328 97.93299692 7.87484328 0 P 0
L 96.53299972 11.68484328 97.93299692 11.68484328 0 P 0
L 96.53299972 19.87484214 97.93299692 19.87484214 0 P 0
L 96.53299972 23.68484214 97.93299692 23.68484214 0 P 0
L 96.73299678 29.8270041 96.73299678 31.2270013 0 P 0
L 96.73299678 33.6370041 96.73299678 35.0370013 0 P 0
L 96.73299678 39.36900178 96.73299678 40.76899898 0 P 0
L 96.73299678 43.17900178 96.73299678 44.57899898 0 P 0
L 96.87499548 49.2110014 96.87499548 50.6109986 0 P 0
L 96.87499548 53.0210014 96.87499548 54.4209986 0 P 0
L 97.23299832 7.17484468 97.23299832 8.57484188 0 P 0
L 97.23299832 10.98484468 97.23299832 12.38484188 0 P 0
L 97.23299832 19.17484354 97.23299832 20.57484074 0 P 0
L 97.23299832 22.98484354 97.23299832 24.38484074 0 P 0
L 99.32468324 58.39905262 100.03588324 58.39905262 0 P 0
L 99.68028324 58.04345262 99.68028324 58.75465262 0 P 0
L 102.44440014 7.00000124 103.15560014 7.00000124 0 P 0
L 102.80000014 6.64440124 102.80000014 7.35560124 0 P 0
L 103.54440048 36.99999966 104.25560048 36.99999966 0 P 0
L 103.90000048 36.64439966 103.90000048 37.35559966 0 P 0
L 104.40240232 40.1889976 105.11360232 40.1889976 0 P 0
L 104.54440102 50.03099722 105.25560102 50.03099722 0 P 0
L 104.60240192 33.0470002 105.31360192 33.0470002 0 P 0
L 104.75800232 39.8333976 104.75800232 40.5445976 0 P 0
L 104.90000102 49.67539722 104.90000102 50.38659722 0 P 0
L 104.90240386 7.9948405 105.61360386 7.9948405 0 P 0
L 104.90240386 19.99483936 105.61360386 19.99483936 0 P 0
L 104.95800192 32.6914002 104.95800192 33.4026002 0 P 0
L 105.25800386 7.6392405 105.25800386 8.3504405 0 P 0
L 105.25800386 19.63923936 105.25800386 20.35043936 0 P 0
L 106.2024038 41.38899774 106.9136038 41.38899774 0 P 0
L 106.3444025 51.23099736 107.0556025 51.23099736 0 P 0
L 106.4024034 34.24700034 107.1136034 34.24700034 0 P 0
L 106.5580038 41.03339774 106.5580038 41.74459774 0 P 0
L 106.7000025 50.87539736 106.7000025 51.58659736 0 P 0
L 106.70240534 9.19484064 107.41360534 9.19484064 0 P 0
L 106.70240534 21.1948395 107.41360534 21.1948395 0 P 0
L 106.7580034 33.89140034 106.7580034 34.60260034 0 P 0
L 107.05800534 8.83924064 107.05800534 9.55044064 0 P 0
L 107.05800534 20.8392395 107.05800534 21.5504395 0 P 0
L 108.20240234 39.6889986 108.91360234 39.6889986 0 P 0
L 108.34440104 49.53099822 109.05560104 49.53099822 0 P 0
L 108.40240194 32.5470012 109.11360194 32.5470012 0 P 0
L 108.55800234 39.3333986 108.55800234 40.0445986 0 P 0
L 108.70000104 49.17539822 108.70000104 49.88659822 0 P 0
L 108.70240388 7.4948415 109.41360388 7.4948415 0 P 0
L 108.70240388 19.49484036 109.41360388 19.49484036 0 P 0
L 108.75800194 32.1914012 108.75800194 32.9026012 0 P 0
L 109.05800388 7.1392415 109.05800388 7.8504415 0 P 0
L 109.05800388 19.13924036 109.05800388 19.85044036 0 P 0
L 110.98712372 29.7852719 111.69832372 29.7852719 0 P 0
L 111.34272372 29.4296719 111.34272372 30.1408719 0 P 0
L 115.94440108 20.10000044 116.65560108 20.10000044 0 P 0
L 116.30000108 19.74440044 116.30000108 20.45560044 0 P 0
L 118.85299826 30.32800386 120.25299546 30.32800386 0 P 0
L 118.85299826 34.13800386 120.25299546 34.13800386 0 P 0
L 118.85299826 39.87000154 120.25299546 39.87000154 0 P 0
L 118.85299826 43.68000154 120.25299546 43.68000154 0 P 0
L 118.99499696 49.71200116 120.39499416 49.71200116 0 P 0
L 118.99499696 53.52200116 120.39499416 53.52200116 0 P 0
L 119.3529998 7.67584444 120.752997 7.67584444 0 P 0
L 119.3529998 11.48584444 120.752997 11.48584444 0 P 0
L 119.3529998 19.6758433 120.752997 19.6758433 0 P 0
L 119.3529998 23.4858433 120.752997 23.4858433 0 P 0
L 119.55299686 29.62800526 119.55299686 31.02800246 0 P 0
L 119.55299686 33.43800526 119.55299686 34.83800246 0 P 0
L 119.55299686 39.17000294 119.55299686 40.57000014 0 P 0
L 119.55299686 42.98000294 119.55299686 44.38000014 0 P 0
L 119.69499556 49.01200256 119.69499556 50.41199976 0 P 0
L 119.69499556 52.82200256 119.69499556 54.22199976 0 P 0
L 120.0529984 6.97584584 120.0529984 8.37584304 0 P 0
L 120.0529984 10.78584584 120.0529984 12.18584304 0 P 0
L 120.0529984 18.9758447 120.0529984 20.3758419 0 P 0
L 120.0529984 22.7858447 120.0529984 24.1858419 0 P 0
L 137.27499596 7.88000202 138.67499316 7.88000202 0 P 0
L 137.27499596 11.69000202 138.67499316 11.69000202 0 P 0
L 137.47499556 19.68000128 138.87499276 19.68000128 0 P 0
L 137.47499556 23.49000128 138.87499276 23.49000128 0 P 0
L 137.47499556 29.6800016 138.87499276 29.6800016 0 P 0
L 137.47499556 33.4900016 138.87499276 33.4900016 0 P 0
L 137.47499556 39.68000192 138.87499276 39.68000192 0 P 0
L 137.47499556 43.49000192 138.87499276 43.49000192 0 P 0
L 137.47499556 49.68000224 138.87499276 49.68000224 0 P 0
L 137.47499556 53.49000224 138.87499276 53.49000224 0 P 0
L 137.97499456 7.18000342 137.97499456 8.58000062 0 P 0
L 137.97499456 10.99000342 137.97499456 12.39000062 0 P 0
L 138.17499416 18.98000268 138.17499416 20.37999988 0 P 0
L 138.17499416 22.79000268 138.17499416 24.18999988 0 P 0
L 138.17499416 28.980003 138.17499416 30.3800002 0 P 0
L 138.17499416 32.790003 138.17499416 34.1900002 0 P 0
L 138.17499416 38.98000332 138.17499416 40.38000052 0 P 0
L 138.17499416 42.79000332 138.17499416 44.19000052 0 P 0
L 138.17499416 48.98000364 138.17499416 50.38000084 0 P 0
L 138.17499416 52.79000364 138.17499416 54.19000084 0 P 0
L 144.24440036 32.60000084 144.95560036 32.60000084 0 P 0
L 144.54439976 40.30000068 145.25559976 40.30000068 0 P 0
L 144.60000036 32.24440084 144.60000036 32.95560084 0 P 0
L 144.89999976 39.94440068 144.89999976 40.65560068 0 P 0
L 145.04439876 46.80000038 145.75559876 46.80000038 0 P 0
L 145.39999876 46.44440038 145.39999876 47.15560038 0 P 0
L 145.8443997 19.7999985 146.5555997 19.7999985 0 P 0
L 145.8443997 29.79999882 146.5555997 29.79999882 0 P 0
L 145.8443997 49.79999946 146.5555997 49.79999946 0 P 0
L 146.1999997 19.4443985 146.1999997 20.1555985 0 P 0
L 146.1999997 29.44439882 146.1999997 30.15559882 0 P 0
L 146.1999997 49.44439946 146.1999997 50.15559946 0 P 0
L 147.64440118 20.99999864 148.35560118 20.99999864 0 P 0
L 147.64440118 30.99999896 148.35560118 30.99999896 0 P 0
L 147.64440118 50.9999996 148.35560118 50.9999996 0 P 0
L 148.00000118 20.64439864 148.00000118 21.35559864 0 P 0
L 148.00000118 30.64439896 148.00000118 31.35559896 0 P 0
L 148.00000118 50.6443996 148.00000118 51.3555996 0 P 0
L 148.04440038 40.40000048 148.75560038 40.40000048 0 P 0
L 148.40000038 40.04440048 148.40000038 40.75560048 0 P 0
L 148.54439938 44.2000005 149.25559938 44.2000005 0 P 0
L 148.89999938 43.8444005 148.89999938 44.5556005 0 P 0
L 149.64439972 19.2999995 150.35559972 19.2999995 0 P 0
L 149.64439972 29.29999982 150.35559972 29.29999982 0 P 0
L 149.64439972 49.30000046 150.35559972 49.30000046 0 P 0
L 149.74439952 42.39999902 150.45559952 42.39999902 0 P 0
L 149.99999972 18.9443995 149.99999972 19.6555995 0 P 0
L 149.99999972 28.94439982 149.99999972 29.65559982 0 P 0
L 149.99999972 48.94440046 149.99999972 49.65560046 0 P 0
L 150.09999952 42.04439902 150.09999952 42.75559902 0 P 0
L 152.1443998 3.30000102 152.8555998 3.30000102 0 P 0
L 152.4999998 2.94440102 152.4999998 3.65560102 0 P 0
L 154.19440332 11.60599914 154.90560332 11.60599914 0 P 0
L 154.37527672 9.83900242 155.08647672 9.83900242 0 P 0
L 154.55000332 11.25039914 154.55000332 11.96159914 0 P 0
L 154.73087672 9.48340242 154.73087672 10.19460242 0 P 0
L 156.94440036 16.20000062 157.65560036 16.20000062 0 P 0
L 157.30000036 15.84440062 157.30000036 16.55560062 0 P 0
L 160.09499604 7.68100318 161.49499324 7.68100318 0 P 0
L 160.09499604 11.49100318 161.49499324 11.49100318 0 P 0
L 160.29499564 19.48100244 161.69499284 19.48100244 0 P 0
L 160.29499564 23.29100244 161.69499284 23.29100244 0 P 0
L 160.29499564 29.48100276 161.69499284 29.48100276 0 P 0
L 160.29499564 33.29100276 161.69499284 33.29100276 0 P 0
L 160.29499564 39.48100308 161.69499284 39.48100308 0 P 0
L 160.29499564 43.29100308 161.69499284 43.29100308 0 P 0
L 160.29499564 49.4810034 161.69499284 49.4810034 0 P 0
L 160.29499564 53.2910034 161.69499284 53.2910034 0 P 0
L 160.79499464 6.98100458 160.79499464 8.38100178 0 P 0
L 160.79499464 10.79100458 160.79499464 12.19100178 0 P 0
L 160.99499424 18.78100384 160.99499424 20.18100104 0 P 0
L 160.99499424 22.59100384 160.99499424 23.99100104 0 P 0
L 160.99499424 28.78100416 160.99499424 30.18100136 0 P 0
L 160.99499424 32.59100416 160.99499424 33.99100136 0 P 0
L 160.99499424 38.78100448 160.99499424 40.18100168 0 P 0
L 160.99499424 42.59100448 160.99499424 43.99100168 0 P 0
L 160.99499424 48.7810048 160.99499424 50.181002 0 P 0
L 160.99499424 52.5910048 160.99499424 53.991002 0 P 0
L 187.80200184 5.69500004 189.20199904 5.69500004 0 P 0
L 187.80200184 9.50500004 189.20199904 9.50500004 0 P 0
L 187.80200184 18.49499984 189.20199904 18.49499984 0 P 0
L 187.80200184 22.30499984 189.20199904 22.30499984 0 P 0
L 187.90200164 57.19500118 189.30199884 57.19500118 0 P 0
L 187.90200164 61.00500118 189.30199884 61.00500118 0 P 0
L 188.00200144 31.29499964 189.40199864 31.29499964 0 P 0
L 188.00200144 35.10499964 189.40199864 35.10499964 0 P 0
L 188.10200124 43.99499964 189.50199844 43.99499964 0 P 0
L 188.10200124 47.80499964 189.50199844 47.80499964 0 P 0
L 188.50200044 4.99500144 188.50200044 6.39499864 0 P 0
L 188.50200044 8.80500144 188.50200044 10.20499864 0 P 0
L 188.50200044 17.79500124 188.50200044 19.19499844 0 P 0
L 188.50200044 21.60500124 188.50200044 23.00499844 0 P 0
L 188.60200024 56.49500258 188.60200024 57.89499978 0 P 0
L 188.60200024 60.30500258 188.60200024 61.70499978 0 P 0
L 188.70200004 30.59500104 188.70200004 31.99499824 0 P 0
L 188.70200004 34.40500104 188.70200004 35.80499824 0 P 0
L 188.80199984 43.29500104 188.80199984 44.69499824 0 P 0
L 188.80199984 47.10500104 188.80199984 48.50499824 0 P 0
L 197.94439964 9.80000072 198.65559964 9.80000072 0 P 0
L 198.29999964 9.44440072 198.29999964 10.15560072 0 P 0
L 198.84440038 43.39999956 199.55560038 43.39999956 0 P 0
L 199.20000038 43.04439956 199.20000038 43.75559956 0 P 0
L 200.24440012 8.70000038 200.95560012 8.70000038 0 P 0
L 200.60000012 8.34440038 200.60000012 9.05560038 0 P 0
L 202.6444004 48.69999912 203.3556004 48.69999912 0 P 0
L 203.0000004 48.34439912 203.0000004 49.05559912 0 P 0
L 203.344399 54.69999982 204.055599 54.69999982 0 P 0
L 203.699999 54.34439982 203.699999 55.05559982 0 P 0
L 204.44439934 47.70000112 205.15559934 47.70000112 0 P 0
L 204.79999934 47.34440112 204.79999934 48.05560112 0 P 0
L 205.44439988 30.79999936 206.15559988 30.79999936 0 P 0
L 205.79999988 30.44439936 205.79999988 31.15559936 0 P 0
L 205.94439888 15.10000028 206.65559888 15.10000028 0 P 0
L 206.29999888 14.74440028 206.29999888 15.45560028 0 P 0
L 206.84439962 56.29999916 207.55559962 56.29999916 0 P 0
L 207.19999962 55.94439916 207.19999962 56.65559916 0 P 0
L 207.64440056 29.10000022 208.35560056 29.10000022 0 P 0
L 207.94439996 16.89999922 208.65559996 16.89999922 0 P 0
L 208.00000056 28.74440022 208.00000056 29.45560022 0 P 0
L 208.29999996 16.54439922 208.29999996 17.25559922 0 P 0
L 208.6444011 57.6999989 209.3556011 57.6999989 0 P 0
L 209.0000011 57.3443989 209.0000011 58.0555989 0 P 0
L 210.99800066 5.39500064 212.39799786 5.39500064 0 P 0
L 210.99800066 9.20500064 212.39799786 9.20500064 0 P 0
L 211.2980026 56.89499924 212.6979998 56.89499924 0 P 0
L 211.2980026 60.70499924 212.6979998 60.70499924 0 P 0
L 211.3980024 30.99500024 212.7979996 30.99500024 0 P 0
L 211.3980024 34.80500024 212.7979996 34.80500024 0 P 0
L 211.40000138 18.7000007 212.79999858 18.7000007 0 P 0
L 211.40000138 22.5100007 212.79999858 22.5100007 0 P 0
L 211.40000138 43.78999878 212.79999858 43.78999878 0 P 0
L 211.40000138 47.59999878 212.79999858 47.59999878 0 P 0
L 211.69799926 4.69500204 211.69799926 6.09499924 0 P 0
L 211.69799926 8.50500204 211.69799926 9.90499924 0 P 0
L 211.9980012 56.19500064 211.9980012 57.59499784 0 P 0
L 211.9980012 60.00500064 211.9980012 61.40499784 0 P 0
L 212.098001 30.29500164 212.098001 31.69499884 0 P 0
L 212.098001 34.10500164 212.098001 35.50499884 0 P 0
L 212.09999998 18.0000021 212.09999998 19.3999993 0 P 0
L 212.09999998 21.8100021 212.09999998 23.2099993 0 P 0
L 212.09999998 43.09000018 212.09999998 44.48999738 0 P 0
L 212.09999998 46.90000018 212.09999998 48.29999738 0 P 0
