UNITS=MM
#Layer_Color=9474304
#
#Feature symbol names
#
$0 r169.33164
$1 r127

#
#Feature attribute names
#

#
#Layer features
#
A 92.202 93.218 92.202 93.218 91.694 93.218 0 P 0 N
L 80.90899998 57.03299998 80.90899998 58.04899998 1 P 0
L 80.90899998 57.03299998 81.92499998 57.03299998 1 P 0
L 80.90899998 58.04899998 81.92499998 58.04899998 1 P 0
L 80.90899998 61.468 80.90899998 62.484 1 P 0
L 80.90899998 61.468 81.92499998 61.468 1 P 0
L 80.90899998 62.484 81.92499998 62.484 1 P 0
L 80.90899998 65.90300002 80.90899998 66.91900002 1 P 0
L 80.90899998 65.90300002 81.92499998 65.90300002 1 P 0
L 80.90899998 66.91900002 81.92499998 66.91900002 1 P 0
L 81.92499998 57.03299998 81.92499998 58.04899998 1 P 0
L 81.92499998 61.468 81.92499998 62.484 1 P 0
L 81.92499998 65.90300002 81.92499998 66.91900002 1 P 0
L 85.344 57.03299998 85.344 58.04899998 1 P 0
L 85.344 57.03299998 86.36 57.03299998 1 P 0
L 85.344 58.04899998 86.36 58.04899998 1 P 0
L 85.344 61.468 85.344 62.484 1 P 0
L 85.344 61.468 86.36 61.468 1 P 0
L 85.344 62.484 86.36 62.484 1 P 0
L 85.344 65.90300002 85.344 66.91900002 1 P 0
L 85.344 65.90300002 86.36 65.90300002 1 P 0
L 85.344 66.91900002 86.36 66.91900002 1 P 0
L 86.36 57.03299998 86.36 58.04899998 1 P 0
L 86.36 61.468 86.36 62.484 1 P 0
L 86.36 65.90300002 86.36 66.91900002 1 P 0
L 88.25099952 89.77499952 88.25099952 90.79099952 1 P 0
L 88.25099952 89.77499952 89.26699952 89.77499952 1 P 0
L 88.25099952 90.79099952 89.26699952 90.79099952 1 P 0
L 88.25099952 95.64500048 88.25099952 96.66100048 1 P 0
L 88.25099952 95.64500048 89.26699952 95.64500048 1 P 0
L 88.25099952 96.66100048 89.26699952 96.66100048 1 P 0
L 89.26699952 89.77499952 89.26699952 90.79099952 1 P 0
L 89.26699952 95.64500048 89.26699952 96.66100048 1 P 0
L 89.77900002 57.03299998 89.77900002 58.04899998 1 P 0
L 89.77900002 57.03299998 90.79500002 57.03299998 1 P 0
L 89.77900002 58.04899998 90.79500002 58.04899998 1 P 0
L 89.77900002 61.468 89.77900002 62.484 1 P 0
L 89.77900002 61.468 90.79500002 61.468 1 P 0
L 89.77900002 62.484 90.79500002 62.484 1 P 0
L 89.77900002 65.90300002 89.77900002 66.91900002 1 P 0
L 89.77900002 65.90300002 90.79500002 65.90300002 1 P 0
L 89.77900002 66.91900002 90.79500002 66.91900002 1 P 0
L 90.79500002 57.03299998 90.79500002 58.04899998 1 P 0
L 90.79500002 61.468 90.79500002 62.484 1 P 0
L 90.79500002 65.90300002 90.79500002 66.91900002 1 P 0
L 94.12100048 89.77499952 94.12100048 90.79099952 1 P 0
L 94.12100048 89.77499952 95.13700048 89.77499952 1 P 0
L 94.12100048 90.79099952 95.13700048 90.79099952 1 P 0
L 94.12100048 95.64500048 94.12100048 96.66100048 1 P 0
L 94.12100048 95.64500048 95.13700048 95.64500048 1 P 0
L 94.12100048 96.66100048 95.13700048 96.66100048 1 P 0
L 95.13700048 89.77499952 95.13700048 90.79099952 1 P 0
L 95.13700048 95.64500048 95.13700048 96.66100048 1 P 0
L 111.887 86.995 112.395 85.979 1 P 0
L 111.887 86.995 112.903 86.995 1 P 0
L 112.014 67.183 112.522 66.167 1 P 0
L 112.014 67.183 113.03 67.183 1 P 0
L 112.395 85.979 112.903 86.995 1 P 0
L 112.522 66.167 113.03 67.183 1 P 0
